0.300000 
0.832350  0.000000  0.000000
0.806896  0.000000  0.100000
0.758982  0.000000  0.200000
0.693528  0.000000  0.300000
0.629423  0.000000  0.400000
0.601718  0.000000  0.500000
0.629423  0.000000  0.600000
0.693528  0.000000  0.700000
0.758982  0.000000  0.800000
0.806896  0.000000  0.900000
0.832350  0.000000  1.000000

0.807320  0.100000  0.000000
0.768362  0.100000  0.100000
0.678912  0.100000  0.200000
0.530500  0.100000  0.300000
0.379220  0.100000  0.400000
0.316453  0.100000  0.500000
0.379220  0.100000  0.600000
0.530500  0.100000  0.700000
0.678912  0.100000  0.800000
0.768362  0.100000  0.900000
0.807320  0.100000  1.000000

0.760733  0.200000  0.000000
0.681041  0.200000  0.100000
0.457175  0.200000  0.200000
0.096398  0.200000  0.300000
-0.133031  0.200000  0.400000
-0.185553  0.200000  0.500000
-0.133031  0.200000  0.600000
0.096398  0.200000  0.700000
0.457175  0.200000  0.800000
0.681041  0.200000  0.900000
0.760733  0.200000  1.000000

0.698051  0.300000  0.000000
0.535673  0.300000  0.100000
0.097180  0.300000  0.200000
-0.210283  0.300000  0.300000
-0.280131  0.300000  0.400000
-0.290975  0.300000  0.500000
-0.280131  0.300000  0.600000
-0.210283  0.300000  0.700000
0.097180  0.300000  0.800000
0.535673  0.300000  0.900000
0.698051  0.300000  1.000000

0.636987  0.400000  0.000000
0.384253  0.400000  0.100000
-0.133529  0.400000  0.200000
-0.274221  0.400000  0.300000
-0.303473  0.400000  0.400000
-0.305547  0.400000  0.500000
-0.303473  0.400000  0.600000
-0.274221  0.400000  0.700000
-0.133529  0.400000  0.800000
0.384253  0.400000  0.900000
0.636987  0.400000  1.000000

0.610608  0.500000  0.000000
0.321174  0.500000  0.100000
-0.186819  0.500000  0.200000
-0.284577  0.500000  0.300000
-0.304999  0.500000  0.400000
-0.305274  0.500000  0.500000
-0.304999  0.500000  0.600000
-0.284577  0.500000  0.700000
-0.186819  0.500000  0.800000
0.321174  0.500000  0.900000
0.610608  0.500000  1.000000

0.636987  0.600000  0.000000
0.384253  0.600000  0.100000
-0.133529  0.600000  0.200000
-0.274221  0.600000  0.300000
-0.303473  0.600000  0.400000
-0.305547  0.600000  0.500000
-0.303473  0.600000  0.600000
-0.274221  0.600000  0.700000
-0.133529  0.600000  0.800000
0.384253  0.600000  0.900000
0.636987  0.600000  1.000000

0.698051  0.700000  0.000000
0.535673  0.700000  0.100000
0.097180  0.700000  0.200000
-0.210283  0.700000  0.300000
-0.280131  0.700000  0.400000
-0.290975  0.700000  0.500000
-0.280131  0.700000  0.600000
-0.210283  0.700000  0.700000
0.097180  0.700000  0.800000
0.535673  0.700000  0.900000
0.698051  0.700000  1.000000

0.760733  0.800000  0.000000
0.681041  0.800000  0.100000
0.457175  0.800000  0.200000
0.096398  0.800000  0.300000
-0.133031  0.800000  0.400000
-0.185553  0.800000  0.500000
-0.133031  0.800000  0.600000
0.096398  0.800000  0.700000
0.457175  0.800000  0.800000
0.681041  0.800000  0.900000
0.760733  0.800000  1.000000

0.807320  0.900000  0.000000
0.768362  0.900000  0.100000
0.678912  0.900000  0.200000
0.530500  0.900000  0.300000
0.379220  0.900000  0.400000
0.316453  0.900000  0.500000
0.379220  0.900000  0.600000
0.530500  0.900000  0.700000
0.678912  0.900000  0.800000
0.768362  0.900000  0.900000
0.807320  0.900000  1.000000

0.832350  1.000000  0.000000
0.806896  1.000000  0.100000
0.758982  1.000000  0.200000
0.693528  1.000000  0.300000
0.629423  1.000000  0.400000
0.601718  1.000000  0.500000
0.629423  1.000000  0.600000
0.693528  1.000000  0.700000
0.758982  1.000000  0.800000
0.806896  1.000000  0.900000
0.832350  1.000000  1.000000

