0.300000 
0.690331  0.000000  0.000000
0.685245  0.000000  0.025000
0.674787  0.000000  0.050000
0.658389  0.000000  0.075000
0.635220  0.000000  0.100000
0.604246  0.000000  0.125000
0.564373  0.000000  0.150000
0.514724  0.000000  0.175000
0.455047  0.000000  0.200000
0.386197  0.000000  0.225000
0.310492  0.000000  0.250000
0.231664  0.000000  0.275000
0.154260  0.000000  0.300000
0.082646  0.000000  0.325000
0.020090  0.000000  0.350000
-0.031680  0.000000  0.375000
-0.072332  0.000000  0.400000
-0.102465  0.000000  0.425000
-0.123065  0.000000  0.450000
-0.135096  0.000000  0.475000
-0.139238  0.000000  0.500000
-0.135754  0.000000  0.525000
-0.124460  0.000000  0.550000
-0.104756  0.000000  0.575000
-0.075757  0.000000  0.600000
-0.036539  0.000000  0.625000
0.013466  0.000000  0.650000
0.073967  0.000000  0.675000
0.143351  0.000000  0.700000
0.218533  0.000000  0.725000
0.295328  0.000000  0.750000
0.369300  0.000000  0.775000
0.436711  0.000000  0.800000
0.495129  0.000000  0.825000
0.543522  0.000000  0.850000
0.581949  0.000000  0.875000
0.611105  0.000000  0.900000
0.631916  0.000000  0.925000
0.645249  0.000000  0.950000
0.651746  0.000000  0.975000

0.685246  0.025000  0.000000
0.679760  0.025000  0.025000
0.668474  0.025000  0.050000
0.650769  0.025000  0.075000
0.625759  0.025000  0.100000
0.592384  0.025000  0.125000
0.549607  0.025000  0.150000
0.496731  0.025000  0.175000
0.433849  0.025000  0.200000
0.362291  0.025000  0.225000
0.284860  0.025000  0.250000
0.205609  0.025000  0.275000
0.129097  0.025000  0.300000
0.059396  0.025000  0.325000
-0.000696  0.025000  0.350000
-0.049910  0.025000  0.375000
-0.088257  0.025000  0.400000
-0.116525  0.025000  0.425000
-0.135781  0.025000  0.450000
-0.147002  0.025000  0.475000
-0.150861  0.025000  0.500000
-0.147617  0.025000  0.525000
-0.137087  0.025000  0.550000
-0.118679  0.025000  0.575000
-0.091495  0.025000  0.600000
-0.054543  0.025000  0.625000
-0.007078  0.025000  0.650000
0.050922  0.025000  0.675000
0.118278  0.025000  0.700000
0.192361  0.025000  0.725000
0.269296  0.025000  0.750000
0.344675  0.025000  0.775000
0.414490  0.025000  0.800000
0.475862  0.025000  0.825000
0.527296  0.025000  0.850000
0.568493  0.025000  0.875000
0.599936  0.025000  0.900000
0.622461  0.025000  0.925000
0.636920  0.025000  0.950000
0.643973  0.025000  0.975000

0.674790  0.050000  0.000000
0.668477  0.050000  0.025000
0.655480  0.050000  0.050000
0.635091  0.050000  0.075000
0.606342  0.050000  0.100000
0.568174  0.050000  0.125000
0.519729  0.050000  0.150000
0.460763  0.050000  0.175000
0.392122  0.050000  0.200000
0.316069  0.050000  0.225000
0.236248  0.050000  0.250000
0.157132  0.050000  0.275000
0.083091  0.050000  0.300000
0.017506  0.050000  0.325000
-0.037725  0.050000  0.350000
-0.082127  0.050000  0.375000
-0.116253  0.050000  0.400000
-0.141166  0.050000  0.425000
-0.158028  0.050000  0.450000
-0.167818  0.050000  0.475000
-0.171179  0.050000  0.500000
-0.168356  0.050000  0.525000
-0.159176  0.050000  0.550000
-0.143072  0.050000  0.575000
-0.119149  0.050000  0.600000
-0.086332  0.050000  0.625000
-0.043628  0.050000  0.650000
0.009478  0.050000  0.675000
0.072550  0.050000  0.700000
0.143815  0.050000  0.725000
0.220095  0.050000  0.750000
0.297230  0.050000  0.775000
0.370892  0.050000  0.800000
0.437448  0.050000  0.825000
0.494514  0.050000  0.850000
0.541033  0.050000  0.875000
0.576982  0.050000  0.900000
0.602942  0.050000  0.925000
0.619683  0.050000  0.950000
0.627868  0.050000  0.975000

0.658397  0.075000  0.000000
0.650775  0.075000  0.025000
0.635095  0.075000  0.050000
0.610548  0.075000  0.075000
0.576119  0.075000  0.100000
0.530881  0.075000  0.125000
0.474425  0.075000  0.150000
0.407370  0.075000  0.175000
0.331770  0.075000  0.200000
0.251159  0.075000  0.225000
0.170055  0.075000  0.250000
0.093054  0.075000  0.275000
0.023864  0.075000  0.300000
-0.035271  0.075000  0.325000
-0.083622  0.075000  0.350000
-0.121610  0.075000  0.375000
-0.150313  0.075000  0.400000
-0.171020  0.075000  0.425000
-0.184925  0.075000  0.450000
-0.192959  0.075000  0.475000
-0.195712  0.075000  0.500000
-0.193402  0.075000  0.525000
-0.185876  0.075000  0.550000
-0.172614  0.075000  0.575000
-0.152768  0.075000  0.600000
-0.125240  0.075000  0.625000
-0.088843  0.075000  0.650000
-0.042589  0.075000  0.675000
0.013906  0.075000  0.700000
0.079956  0.075000  0.725000
0.153476  0.075000  0.750000
0.231003  0.075000  0.775000
0.308199  0.075000  0.800000
0.380703  0.075000  0.825000
0.444978  0.075000  0.850000
0.498788  0.075000  0.875000
0.541201  0.075000  0.900000
0.572247  0.075000  0.925000
0.592437  0.075000  0.950000
0.602352  0.075000  0.975000

0.635234  0.100000  0.000000
0.625772  0.100000  0.025000
0.606352  0.100000  0.050000
0.576126  0.100000  0.075000
0.534179  0.100000  0.100000
0.480008  0.100000  0.125000
0.414101  0.100000  0.150000
0.338446  0.100000  0.175000
0.256662  0.100000  0.200000
0.173526  0.100000  0.225000
0.093985  0.100000  0.250000
0.022088  0.100000  0.275000
-0.039686  0.100000  0.300000
-0.090496  0.100000  0.325000
-0.130769  0.100000  0.350000
-0.161662  0.100000  0.375000
-0.184597  0.100000  0.400000
-0.200937  0.100000  0.425000
-0.211820  0.100000  0.450000
-0.218077  0.100000  0.475000
-0.220216  0.100000  0.500000
-0.218423  0.100000  0.525000
-0.212569  0.100000  0.550000
-0.202205  0.100000  0.575000
-0.186579  0.100000  0.600000
-0.164652  0.100000  0.625000
-0.135182  0.100000  0.650000
-0.096882  0.100000  0.675000
-0.048717  0.100000  0.700000
0.009672  0.100000  0.725000
0.077493  0.100000  0.750000
0.152463  0.100000  0.775000
0.230851  0.100000  0.800000
0.308036  0.100000  0.825000
0.379430  0.100000  0.850000
0.441366  0.100000  0.875000
0.491557  0.100000  0.900000
0.529037  0.100000  0.925000
0.553733  0.100000  0.950000
0.565949  0.100000  0.975000

0.604270  0.125000  0.000000
0.592407  0.125000  0.025000
0.568195  0.125000  0.050000
0.530898  0.125000  0.075000
0.480018  0.125000  0.100000
0.415957  0.125000  0.125000
0.340662  0.125000  0.150000
0.257897  0.125000  0.175000
0.172813  0.125000  0.200000
0.090865  0.125000  0.225000
0.016573  0.125000  0.250000
-0.047291  0.125000  0.275000
-0.099795  0.125000  0.300000
-0.141423  0.125000  0.325000
-0.173466  0.125000  0.350000
-0.197501  0.125000  0.375000
-0.215051  0.125000  0.400000
-0.227408  0.125000  0.425000
-0.235573  0.125000  0.450000
-0.240244  0.125000  0.475000
-0.241837  0.125000  0.500000
-0.240504  0.125000  0.525000
-0.236137  0.125000  0.550000
-0.228375  0.125000  0.575000
-0.216586  0.125000  0.600000
-0.199864  0.125000  0.625000
-0.177044  0.125000  0.650000
-0.146765  0.125000  0.675000
-0.107638  0.125000  0.700000
-0.058553  0.125000  0.725000
0.000863  0.125000  0.750000
0.069722  0.125000  0.775000
0.145499  0.125000  0.800000
0.224086  0.125000  0.825000
0.300441  0.125000  0.850000
0.369614  0.125000  0.875000
0.427695  0.125000  0.900000
0.472244  0.125000  0.925000
0.502142  0.125000  0.950000
0.517088  0.125000  0.975000

0.564412  0.150000  0.000000
0.549645  0.150000  0.025000
0.519764  0.150000  0.050000
0.474455  0.150000  0.075000
0.414124  0.150000  0.100000
0.340674  0.150000  0.125000
0.257977  0.150000  0.150000
0.171567  0.150000  0.175000
0.087509  0.150000  0.200000
0.010955  0.150000  0.225000
-0.054873  0.150000  0.250000
-0.108856  0.150000  0.275000
-0.151497  0.150000  0.300000
-0.184221  0.150000  0.325000
-0.208769  0.150000  0.350000
-0.226822  0.150000  0.375000
-0.239811  0.150000  0.400000
-0.248860  0.150000  0.425000
-0.254794  0.150000  0.450000
-0.258173  0.150000  0.475000
-0.259323  0.150000  0.500000
-0.258361  0.150000  0.525000
-0.255205  0.150000  0.550000
-0.249572  0.150000  0.575000
-0.240961  0.150000  0.600000
-0.228629  0.150000  0.625000
-0.211572  0.150000  0.650000
-0.188529  0.150000  0.675000
-0.158045  0.150000  0.700000
-0.118645  0.150000  0.725000
-0.069171  0.150000  0.750000
-0.009297  0.150000  0.775000
0.059889  0.150000  0.800000
0.135473  0.150000  0.825000
0.212829  0.150000  0.850000
0.286384  0.150000  0.875000
0.350775  0.150000  0.900000
0.401822  0.150000  0.925000
0.436893  0.150000  0.950000
0.454670  0.150000  0.975000

0.514783  0.175000  0.000000
0.496789  0.175000  0.025000
0.460817  0.175000  0.050000
0.407417  0.175000  0.075000
0.338483  0.175000  0.100000
0.257923  0.175000  0.125000
0.171579  0.175000  0.150000
0.086157  0.175000  0.175000
0.007594  0.175000  0.200000
-0.060222  0.175000  0.225000
-0.115790  0.175000  0.250000
-0.159511  0.175000  0.275000
-0.192884  0.175000  0.300000
-0.217800  0.175000  0.325000
-0.236089  0.175000  0.350000
-0.249314  0.175000  0.375000
-0.258708  0.175000  0.400000
-0.265190  0.175000  0.425000
-0.269412  0.175000  0.450000
-0.271805  0.175000  0.475000
-0.272617  0.175000  0.500000
-0.271937  0.175000  0.525000
-0.269703  0.175000  0.550000
-0.265701  0.175000  0.575000
-0.259547  0.175000  0.600000
-0.250661  0.175000  0.625000
-0.238229  0.175000  0.650000
-0.221180  0.175000  0.675000
-0.198184  0.175000  0.700000
-0.167722  0.175000  0.725000
-0.128286  0.175000  0.750000
-0.078768  0.175000  0.775000
-0.019036  0.175000  0.800000
0.049421  0.175000  0.825000
0.123100  0.175000  0.850000
0.196710  0.175000  0.875000
0.264109  0.175000  0.900000
0.319568  0.175000  0.925000
0.358734  0.175000  0.950000
0.378922  0.175000  0.975000

0.455131  0.200000  0.000000
0.433931  0.200000  0.025000
0.392197  0.200000  0.050000
0.331836  0.200000  0.075000
0.256714  0.200000  0.100000
0.172851  0.200000  0.125000
0.087533  0.200000  0.150000
0.007605  0.200000  0.175000
-0.062123  0.200000  0.200000
-0.119493  0.200000  0.225000
-0.164592  0.200000  0.250000
-0.198869  0.200000  0.275000
-0.224307  0.200000  0.300000
-0.242873  0.200000  0.325000
-0.256260  0.200000  0.350000
-0.265805  0.200000  0.375000
-0.272511  0.200000  0.400000
-0.277099  0.200000  0.425000
-0.280068  0.200000  0.450000
-0.281743  0.200000  0.475000
-0.282309  0.200000  0.500000
-0.281833  0.200000  0.525000
-0.280269  0.200000  0.550000
-0.277458  0.200000  0.575000
-0.273112  0.200000  0.600000
-0.266791  0.200000  0.625000
-0.257865  0.200000  0.650000
-0.245475  0.200000  0.675000
-0.228503  0.200000  0.700000
-0.205580  0.200000  0.725000
-0.175177  0.200000  0.750000
-0.135856  0.200000  0.775000
-0.086719  0.200000  0.800000
-0.028067  0.200000  0.825000
0.037945  0.200000  0.850000
0.107010  0.200000  0.875000
0.173096  0.200000  0.900000
0.229599  0.200000  0.925000
0.270693  0.200000  0.950000
0.292268  0.200000  0.975000

0.386310  0.225000  0.000000
0.362399  0.225000  0.025000
0.316166  0.225000  0.050000
0.251241  0.225000  0.075000
0.173591  0.225000  0.100000
0.090914  0.225000  0.125000
0.010989  0.225000  0.150000
-0.060201  0.225000  0.175000
-0.119484  0.225000  0.200000
-0.166320  0.225000  0.225000
-0.201904  0.225000  0.250000
-0.228206  0.225000  0.275000
-0.247289  0.225000  0.300000
-0.260969  0.225000  0.325000
-0.270692  0.225000  0.350000
-0.277547  0.225000  0.375000
-0.282319  0.225000  0.400000
-0.285561  0.225000  0.425000
-0.287644  0.225000  0.450000
-0.288813  0.225000  0.475000
-0.289206  0.225000  0.500000
-0.288874  0.225000  0.525000
-0.287780  0.225000  0.550000
-0.285808  0.225000  0.575000
-0.282744  0.225000  0.600000
-0.278260  0.225000  0.625000
-0.271883  0.225000  0.650000
-0.262950  0.225000  0.675000
-0.250570  0.225000  0.700000
-0.233602  0.225000  0.725000
-0.210684  0.225000  0.750000
-0.180367  0.225000  0.775000
-0.141436  0.225000  0.800000
-0.093448  0.225000  0.825000
-0.037430  0.225000  0.850000
0.023526  0.225000  0.875000
0.084188  0.225000  0.900000
0.137936  0.225000  0.925000
0.178153  0.225000  0.950000
0.199657  0.225000  0.975000

0.310631  0.250000  0.000000
0.284991  0.250000  0.025000
0.236364  0.250000  0.050000
0.170152  0.250000  0.075000
0.094061  0.250000  0.100000
0.016631  0.250000  0.125000
-0.054832  0.250000  0.150000
-0.115762  0.250000  0.175000
-0.164576  0.250000  0.200000
-0.201898  0.250000  0.225000
-0.229499  0.250000  0.250000
-0.249458  0.250000  0.275000
-0.263690  0.250000  0.300000
-0.273754  0.250000  0.325000
-0.280832  0.250000  0.350000
-0.285782  0.250000  0.375000
-0.289205  0.250000  0.400000
-0.291517  0.250000  0.425000
-0.292992  0.250000  0.450000
-0.293812  0.250000  0.475000
-0.294085  0.250000  0.500000
-0.293851  0.250000  0.525000
-0.293081  0.250000  0.550000
-0.291684  0.250000  0.575000
-0.289501  0.250000  0.600000
-0.286293  0.250000  0.625000
-0.281710  0.250000  0.650000
-0.275254  0.250000  0.675000
-0.266241  0.250000  0.700000
-0.253765  0.250000  0.725000
-0.236695  0.250000  0.750000
-0.213748  0.250000  0.775000
-0.183696  0.250000  0.800000
-0.145767  0.250000  0.825000
-0.100257  0.250000  0.850000
-0.049204  0.250000  0.875000
0.003236  0.250000  0.900000
0.051107  0.250000  0.925000
0.087821  0.250000  0.950000
0.107774  0.250000  0.975000

0.231821  0.275000  0.000000
0.205754  0.275000  0.025000
0.157258  0.275000  0.050000
0.093159  0.275000  0.075000
0.022171  0.275000  0.100000
-0.047227  0.275000  0.125000
-0.108810  0.275000  0.150000
-0.159479  0.275000  0.175000
-0.198849  0.275000  0.200000
-0.228195  0.275000  0.225000
-0.249454  0.275000  0.250000
-0.264578  0.275000  0.275000
-0.275227  0.275000  0.300000
-0.282691  0.275000  0.325000
-0.287912  0.275000  0.350000
-0.291549  0.275000  0.375000
-0.294057  0.275000  0.400000
-0.295743  0.275000  0.425000
-0.296805  0.275000  0.450000
-0.297385  0.275000  0.475000
-0.297575  0.275000  0.500000
-0.297409  0.275000  0.525000
-0.296862  0.275000  0.550000
-0.295853  0.275000  0.575000
-0.294260  0.275000  0.600000
-0.291913  0.275000  0.625000
-0.288558  0.275000  0.650000
-0.283828  0.275000  0.675000
-0.277212  0.275000  0.700000
-0.268011  0.275000  0.725000
-0.255329  0.275000  0.750000
-0.238106  0.275000  0.775000
-0.215255  0.275000  0.800000
-0.185950  0.275000  0.825000
-0.150120  0.275000  0.850000
-0.109054  0.275000  0.875000
-0.065896  0.275000  0.900000
-0.025608  0.275000  0.925000
0.005885  0.275000  0.950000
0.023221  0.275000  0.975000

0.154421  0.300000  0.000000
0.129247  0.300000  0.025000
0.083221  0.300000  0.050000
0.023972  0.300000  0.075000
-0.039599  0.300000  0.100000
-0.099728  0.300000  0.125000
-0.151448  0.300000  0.150000
-0.192850  0.300000  0.175000
-0.224284  0.300000  0.200000
-0.247276  0.300000  0.225000
-0.263683  0.300000  0.250000
-0.275224  0.300000  0.275000
-0.283293  0.300000  0.300000
-0.288933  0.300000  0.325000
-0.292881  0.300000  0.350000
-0.295636  0.300000  0.375000
-0.297530  0.300000  0.400000
-0.298801  0.300000  0.425000
-0.299575  0.300000  0.450000
-0.299981  0.300000  0.475000
-0.300109  0.300000  0.500000
-0.299995  0.300000  0.525000
-0.299609  0.300000  0.550000
-0.298871  0.300000  0.575000
-0.297667  0.300000  0.600000
-0.295893  0.300000  0.625000
-0.293357  0.300000  0.650000
-0.289798  0.300000  0.675000
-0.284845  0.300000  0.700000
-0.277974  0.300000  0.725000
-0.268491  0.300000  0.750000
-0.255553  0.300000  0.775000
-0.238264  0.300000  0.800000
-0.215885  0.300000  0.825000
-0.188210  0.300000  0.850000
-0.156066  0.300000  0.875000
-0.121788  0.300000  0.900000
-0.089315  0.300000  0.925000
-0.063603  0.300000  0.950000
-0.049323  0.300000  0.975000

0.082801  0.325000  0.000000
0.059540  0.325000  0.025000
0.017632  0.325000  0.050000
-0.035166  0.325000  0.075000
-0.090410  0.325000  0.100000
-0.141356  0.325000  0.125000
-0.184171  0.325000  0.150000
-0.217765  0.325000  0.175000
-0.242850  0.325000  0.200000
-0.260955  0.325000  0.225000
-0.273745  0.325000  0.250000
-0.282687  0.325000  0.275000
-0.288931  0.325000  0.300000
-0.293316  0.325000  0.325000
-0.296413  0.325000  0.350000
-0.298577  0.325000  0.375000
-0.300035  0.325000  0.400000
-0.300994  0.325000  0.425000
-0.301532  0.325000  0.450000
-0.301787  0.325000  0.475000
-0.301862  0.325000  0.500000
-0.301794  0.325000  0.525000
-0.301550  0.325000  0.550000
-0.301037  0.325000  0.575000
-0.300125  0.325000  0.600000
-0.298759  0.325000  0.625000
-0.296764  0.325000  0.650000
-0.293980  0.325000  0.675000
-0.290157  0.325000  0.700000
-0.284911  0.325000  0.725000
-0.277710  0.325000  0.750000
-0.267897  0.325000  0.775000
-0.254762  0.325000  0.800000
-0.237695  0.325000  0.825000
-0.216477  0.325000  0.850000
-0.191669  0.325000  0.875000
-0.165012  0.325000  0.900000
-0.139556  0.325000  0.925000
-0.119253  0.325000  0.950000
-0.107918  0.325000  0.975000

0.020230  0.350000  0.000000
-0.000564  0.350000  0.025000
-0.037607  0.350000  0.050000
-0.083520  0.350000  0.075000
-0.130685  0.350000  0.100000
-0.173400  0.350000  0.125000
-0.208720  0.350000  0.150000
-0.236054  0.350000  0.175000
-0.256237  0.350000  0.200000
-0.270678  0.350000  0.225000
-0.280823  0.350000  0.250000
-0.287906  0.350000  0.275000
-0.292878  0.350000  0.300000
-0.296411  0.350000  0.325000
-0.298935  0.350000  0.350000
-0.300667  0.350000  0.375000
-0.301725  0.350000  0.400000
-0.302319  0.350000  0.425000
-0.302595  0.350000  0.450000
-0.302695  0.350000  0.475000
-0.302717  0.350000  0.500000
-0.302696  0.350000  0.525000
-0.302602  0.350000  0.550000
-0.302342  0.350000  0.575000
-0.301782  0.350000  0.600000
-0.300793  0.350000  0.625000
-0.299197  0.350000  0.650000
-0.296927  0.350000  0.675000
-0.293861  0.350000  0.700000
-0.289730  0.350000  0.725000
-0.284132  0.350000  0.750000
-0.276557  0.350000  0.775000
-0.266447  0.350000  0.800000
-0.253323  0.350000  0.825000
-0.236996  0.350000  0.850000
-0.217878  0.350000  0.875000
-0.197288  0.350000  0.900000
-0.177571  0.350000  0.925000
-0.161800  0.350000  0.950000
-0.152976  0.350000  0.975000

-0.031556  0.375000  0.000000
-0.049792  0.375000  0.025000
-0.082019  0.375000  0.050000
-0.121514  0.375000  0.075000
-0.161582  0.375000  0.100000
-0.197438  0.375000  0.125000
-0.226775  0.375000  0.150000
-0.249281  0.375000  0.175000
-0.265783  0.375000  0.200000
-0.277532  0.375000  0.225000
-0.285772  0.375000  0.250000
-0.291543  0.375000  0.275000
-0.295631  0.375000  0.300000
-0.298573  0.375000  0.325000
-0.300666  0.375000  0.350000
-0.301963  0.375000  0.375000
-0.302624  0.375000  0.400000
-0.302875  0.375000  0.425000
-0.302906  0.375000  0.450000
-0.302863  0.375000  0.475000
-0.302837  0.375000  0.500000
-0.302861  0.375000  0.525000
-0.302906  0.375000  0.550000
-0.302884  0.375000  0.575000
-0.302658  0.375000  0.600000
-0.302051  0.375000  0.625000
-0.300863  0.375000  0.650000
-0.298981  0.375000  0.675000
-0.296434  0.375000  0.700000
-0.293066  0.375000  0.725000
-0.288581  0.375000  0.750000
-0.282583  0.375000  0.775000
-0.274635  0.375000  0.800000
-0.264361  0.375000  0.825000
-0.251618  0.375000  0.850000
-0.236728  0.375000  0.875000
-0.220714  0.375000  0.900000
-0.205391  0.375000  0.925000
-0.193138  0.375000  0.950000
-0.186282  0.375000  0.975000

-0.072223  0.400000  0.000000
-0.088151  0.400000  0.025000
-0.116153  0.400000  0.050000
-0.150224  0.400000  0.075000
-0.184520  0.400000  0.100000
-0.214990  0.400000  0.125000
-0.239766  0.400000  0.150000
-0.258676  0.400000  0.175000
-0.272489  0.400000  0.200000
-0.282305  0.400000  0.225000
-0.289195  0.400000  0.250000
-0.294050  0.400000  0.275000
-0.297525  0.400000  0.300000
-0.300032  0.400000  0.325000
-0.301726  0.400000  0.350000
-0.302624  0.400000  0.375000
-0.302933  0.400000  0.400000
-0.302900  0.400000  0.425000
-0.302732  0.400000  0.450000
-0.302572  0.400000  0.475000
-0.302509  0.400000  0.500000
-0.302569  0.400000  0.525000
-0.302727  0.400000  0.550000
-0.302900  0.400000  0.575000
-0.302951  0.400000  0.600000
-0.302684  0.400000  0.625000
-0.301876  0.400000  0.650000
-0.300362  0.400000  0.675000
-0.298196  0.400000  0.700000
-0.295351  0.400000  0.725000
-0.291629  0.400000  0.750000
-0.286725  0.400000  0.775000
-0.280290  0.400000  0.800000
-0.272029  0.400000  0.825000
-0.261835  0.400000  0.850000
-0.249976  0.400000  0.875000
-0.237267  0.400000  0.900000
-0.225143  0.400000  0.925000
-0.215468  0.400000  0.950000
-0.210062  0.400000  0.975000

-0.102367  0.425000  0.000000
-0.116429  0.425000  0.025000
-0.141073  0.425000  0.050000
-0.170935  0.425000  0.075000
-0.200865  0.425000  0.100000
-0.227350  0.425000  0.125000
-0.248817  0.425000  0.150000
-0.265159  0.425000  0.175000
-0.277078  0.425000  0.200000
-0.285546  0.425000  0.225000
-0.291507  0.425000  0.250000
-0.295735  0.425000  0.275000
-0.298793  0.425000  0.300000
-0.300991  0.425000  0.325000
-0.302318  0.425000  0.350000
-0.302874  0.425000  0.375000
-0.302900  0.425000  0.400000
-0.302651  0.425000  0.425000
-0.302334  0.425000  0.450000
-0.302089  0.425000  0.475000
-0.301997  0.425000  0.500000
-0.302084  0.425000  0.525000
-0.302325  0.425000  0.550000
-0.302645  0.425000  0.575000
-0.302907  0.425000  0.600000
-0.302916  0.425000  0.625000
-0.302437  0.425000  0.650000
-0.301267  0.425000  0.675000
-0.299371  0.425000  0.700000
-0.296877  0.425000  0.725000
-0.293670  0.425000  0.750000
-0.289506  0.425000  0.775000
-0.284101  0.425000  0.800000
-0.277216  0.425000  0.825000
-0.268773  0.425000  0.850000
-0.259000  0.425000  0.875000
-0.248577  0.425000  0.900000
-0.238672  0.425000  0.925000
-0.230791  0.425000  0.950000
-0.226396  0.425000  0.975000

-0.122975  0.450000  0.000000
-0.135691  0.450000  0.025000
-0.157941  0.450000  0.050000
-0.184844  0.450000  0.075000
-0.211750  0.450000  0.100000
-0.235517  0.450000  0.125000
-0.254752  0.450000  0.150000
-0.269382  0.450000  0.175000
-0.280047  0.450000  0.200000
-0.287630  0.450000  0.225000
-0.292981  0.450000  0.250000
-0.296797  0.450000  0.275000
-0.299567  0.450000  0.300000
-0.301530  0.450000  0.325000
-0.302593  0.450000  0.350000
-0.302905  0.450000  0.375000
-0.302731  0.450000  0.400000
-0.302334  0.450000  0.425000
-0.301916  0.450000  0.450000
-0.301614  0.450000  0.475000
-0.301503  0.450000  0.500000
-0.301608  0.450000  0.525000
-0.301906  0.450000  0.550000
-0.302323  0.450000  0.575000
-0.302731  0.450000  0.600000
-0.302935  0.450000  0.625000
-0.302691  0.450000  0.650000
-0.301770  0.450000  0.675000
-0.300083  0.450000  0.700000
-0.297832  0.450000  0.725000
-0.294961  0.450000  0.750000
-0.291276  0.450000  0.775000
-0.286535  0.450000  0.800000
-0.280539  0.450000  0.825000
-0.273227  0.450000  0.850000
-0.264807  0.450000  0.875000
-0.255864  0.450000  0.900000
-0.247398  0.450000  0.925000
-0.240682  0.450000  0.950000
-0.236943  0.450000  0.975000

-0.135011  0.475000  0.000000
-0.146916  0.475000  0.025000
-0.167734  0.475000  0.050000
-0.192881  0.475000  0.075000
-0.218009  0.475000  0.100000
-0.240190  0.475000  0.125000
-0.258133  0.475000  0.150000
-0.271776  0.475000  0.175000
-0.281722  0.475000  0.200000
-0.288799  0.475000  0.225000
-0.293802  0.475000  0.250000
-0.297377  0.475000  0.275000
-0.299973  0.475000  0.300000
-0.301786  0.475000  0.325000
-0.302693  0.475000  0.350000
-0.302862  0.475000  0.375000
-0.302572  0.475000  0.400000
-0.302089  0.475000  0.425000
-0.301614  0.475000  0.450000
-0.301280  0.475000  0.475000
-0.301158  0.475000  0.500000
-0.301273  0.475000  0.525000
-0.301602  0.475000  0.550000
-0.302076  0.475000  0.575000
-0.302568  0.475000  0.600000
-0.302885  0.475000  0.625000
-0.302779  0.475000  0.650000
-0.302004  0.475000  0.675000
-0.300453  0.475000  0.700000
-0.298350  0.475000  0.725000
-0.295674  0.475000  0.750000
-0.292260  0.475000  0.775000
-0.287895  0.475000  0.800000
-0.282400  0.475000  0.825000
-0.275725  0.475000  0.850000
-0.268066  0.475000  0.875000
-0.259958  0.475000  0.900000
-0.252301  0.475000  0.925000
-0.246241  0.475000  0.950000
-0.242871  0.475000  0.975000

-0.139154  0.500000  0.000000
-0.150777  0.500000  0.025000
-0.171096  0.500000  0.050000
-0.195634  0.500000  0.075000
-0.220149  0.500000  0.100000
-0.241784  0.500000  0.125000
-0.259283  0.500000  0.150000
-0.272588  0.500000  0.175000
-0.282289  0.500000  0.200000
-0.289192  0.500000  0.225000
-0.294075  0.500000  0.250000
-0.297567  0.500000  0.275000
-0.300101  0.500000  0.300000
-0.301860  0.500000  0.325000
-0.302716  0.500000  0.350000
-0.302837  0.500000  0.375000
-0.302508  0.500000  0.400000
-0.301997  0.500000  0.425000
-0.301503  0.500000  0.450000
-0.301158  0.500000  0.475000
-0.301033  0.500000  0.500000
-0.301151  0.500000  0.525000
-0.301491  0.500000  0.550000
-0.301983  0.500000  0.575000
-0.302503  0.500000  0.600000
-0.302857  0.500000  0.625000
-0.302797  0.500000  0.650000
-0.302072  0.500000  0.675000
-0.300569  0.500000  0.700000
-0.298519  0.500000  0.725000
-0.295911  0.500000  0.750000
-0.292589  0.500000  0.775000
-0.288352  0.500000  0.800000
-0.283026  0.500000  0.825000
-0.276568  0.500000  0.850000
-0.269166  0.500000  0.875000
-0.261339  0.500000  0.900000
-0.253957  0.500000  0.925000
-0.248117  0.500000  0.950000
-0.244872  0.500000  0.975000

-0.135669  0.525000  0.000000
-0.147531  0.525000  0.025000
-0.168272  0.525000  0.050000
-0.193324  0.525000  0.075000
-0.218356  0.525000  0.100000
-0.240450  0.525000  0.125000
-0.258320  0.525000  0.150000
-0.271908  0.525000  0.175000
-0.281813  0.525000  0.200000
-0.288859  0.525000  0.225000
-0.293841  0.525000  0.250000
-0.297401  0.525000  0.275000
-0.299987  0.525000  0.300000
-0.301792  0.525000  0.325000
-0.302695  0.525000  0.350000
-0.302861  0.525000  0.375000
-0.302568  0.525000  0.400000
-0.302084  0.525000  0.425000
-0.301608  0.525000  0.450000
-0.301273  0.525000  0.475000
-0.301151  0.525000  0.500000
-0.301266  0.525000  0.525000
-0.301596  0.525000  0.550000
-0.302071  0.525000  0.575000
-0.302564  0.525000  0.600000
-0.302883  0.525000  0.625000
-0.302780  0.525000  0.650000
-0.302009  0.525000  0.675000
-0.300464  0.525000  0.700000
-0.298370  0.525000  0.725000
-0.295706  0.525000  0.750000
-0.292309  0.525000  0.775000
-0.287966  0.525000  0.800000
-0.282499  0.525000  0.825000
-0.275860  0.525000  0.850000
-0.268243  0.525000  0.875000
-0.260180  0.525000  0.900000
-0.252567  0.525000  0.925000
-0.246541  0.525000  0.950000
-0.243191  0.525000  0.975000

-0.124371  0.550000  0.000000
-0.136998  0.550000  0.025000
-0.159090  0.550000  0.050000
-0.185796  0.550000  0.075000
-0.212499  0.550000  0.100000
-0.236082  0.550000  0.125000
-0.255164  0.550000  0.150000
-0.269673  0.550000  0.175000
-0.280249  0.550000  0.200000
-0.287766  0.550000  0.225000
-0.293071  0.550000  0.250000
-0.296854  0.550000  0.275000
-0.299602  0.550000  0.300000
-0.301549  0.550000  0.325000
-0.302601  0.550000  0.350000
-0.302905  0.550000  0.375000
-0.302726  0.550000  0.400000
-0.302325  0.550000  0.425000
-0.301906  0.550000  0.450000
-0.301602  0.550000  0.475000
-0.301491  0.550000  0.500000
-0.301596  0.550000  0.525000
-0.301895  0.550000  0.550000
-0.302315  0.550000  0.575000
-0.302725  0.550000  0.600000
-0.302934  0.550000  0.625000
-0.302697  0.550000  0.650000
-0.301785  0.550000  0.675000
-0.300112  0.550000  0.700000
-0.297880  0.550000  0.725000
-0.295036  0.550000  0.750000
-0.291386  0.550000  0.775000
-0.286695  0.550000  0.800000
-0.280761  0.550000  0.825000
-0.273527  0.550000  0.850000
-0.265198  0.550000  0.875000
-0.256354  0.550000  0.900000
-0.247981  0.550000  0.925000
-0.241341  0.550000  0.950000
-0.237644  0.550000  0.975000

-0.104660  0.575000  0.000000
-0.118584  0.575000  0.025000
-0.142981  0.575000  0.050000
-0.172530  0.575000  0.075000
-0.202133  0.575000  0.100000
-0.228318  0.575000  0.125000
-0.249529  0.575000  0.150000
-0.265671  0.575000  0.175000
-0.277437  0.575000  0.200000
-0.285794  0.575000  0.225000
-0.291674  0.575000  0.250000
-0.295845  0.575000  0.275000
-0.298863  0.575000  0.300000
-0.301034  0.575000  0.325000
-0.302341  0.575000  0.350000
-0.302884  0.575000  0.375000
-0.302900  0.575000  0.400000
-0.302645  0.575000  0.425000
-0.302324  0.575000  0.450000
-0.302076  0.575000  0.475000
-0.301983  0.575000  0.500000
-0.302071  0.575000  0.525000
-0.302315  0.575000  0.550000
-0.302638  0.575000  0.575000
-0.302906  0.575000  0.600000
-0.302924  0.575000  0.625000
-0.302456  0.575000  0.650000
-0.301303  0.575000  0.675000
-0.299432  0.575000  0.700000
-0.296972  0.575000  0.725000
-0.293811  0.575000  0.750000
-0.289711  0.575000  0.775000
-0.284391  0.575000  0.800000
-0.277614  0.575000  0.825000
-0.269305  0.575000  0.850000
-0.259689  0.575000  0.875000
-0.249434  0.575000  0.900000
-0.239689  0.575000  0.925000
-0.231937  0.575000  0.950000
-0.227613  0.575000  0.975000

-0.075651  0.600000  0.000000
-0.091392  0.600000  0.025000
-0.119051  0.600000  0.050000
-0.152680  0.600000  0.075000
-0.186504  0.600000  0.100000
-0.216526  0.600000  0.125000
-0.240916  0.600000  0.150000
-0.259516  0.600000  0.175000
-0.273091  0.600000  0.200000
-0.282729  0.600000  0.225000
-0.289491  0.600000  0.250000
-0.294253  0.600000  0.275000
-0.297662  0.600000  0.300000
-0.300122  0.600000  0.325000
-0.301782  0.600000  0.350000
-0.302658  0.600000  0.375000
-0.302951  0.600000  0.400000
-0.302907  0.600000  0.425000
-0.302731  0.600000  0.450000
-0.302568  0.600000  0.475000
-0.302503  0.600000  0.500000
-0.302564  0.600000  0.525000
-0.302726  0.600000  0.550000
-0.302906  0.600000  0.575000
-0.302966  0.600000  0.600000
-0.302715  0.600000  0.625000
-0.301928  0.600000  0.650000
-0.300443  0.600000  0.675000
-0.298318  0.600000  0.700000
-0.295529  0.600000  0.725000
-0.291885  0.600000  0.750000
-0.287084  0.600000  0.775000
-0.280786  0.600000  0.800000
-0.272699  0.600000  0.825000
-0.262719  0.600000  0.850000
-0.251107  0.600000  0.875000
-0.238664  0.600000  0.900000
-0.226791  0.600000  0.925000
-0.217317  0.600000  0.950000
-0.212023  0.600000  0.975000

-0.036419  0.625000  0.000000
-0.054428  0.625000  0.025000
-0.086226  0.625000  0.050000
-0.125147  0.625000  0.075000
-0.164574  0.625000  0.100000
-0.199802  0.625000  0.125000
-0.228582  0.625000  0.150000
-0.250628  0.625000  0.175000
-0.266769  0.625000  0.200000
-0.278245  0.625000  0.225000
-0.286283  0.625000  0.250000
-0.291907  0.625000  0.275000
-0.295889  0.625000  0.300000
-0.298754  0.625000  0.325000
-0.300792  0.625000  0.350000
-0.302051  0.625000  0.375000
-0.302684  0.625000  0.400000
-0.302917  0.625000  0.425000
-0.302935  0.625000  0.450000
-0.302885  0.625000  0.475000
-0.302858  0.625000  0.500000
-0.302883  0.625000  0.525000
-0.302934  0.625000  0.550000
-0.302924  0.625000  0.575000
-0.302715  0.625000  0.600000
-0.302133  0.625000  0.625000
-0.300980  0.625000  0.650000
-0.299148  0.625000  0.675000
-0.296668  0.625000  0.700000
-0.293392  0.625000  0.725000
-0.289031  0.625000  0.750000
-0.283198  0.625000  0.775000
-0.275464  0.625000  0.800000
-0.265463  0.625000  0.825000
-0.253050  0.625000  0.850000
-0.238539  0.625000  0.875000
-0.222925  0.625000  0.900000
-0.207979  0.625000  0.925000
-0.196024  0.625000  0.950000
-0.189334  0.625000  0.975000

0.013601  0.650000  0.000000
-0.006951  0.650000  0.025000
-0.043514  0.650000  0.050000
-0.088745  0.650000  0.075000
-0.135100  0.650000  0.100000
-0.176979  0.650000  0.125000
-0.211524  0.650000  0.150000
-0.238195  0.650000  0.175000
-0.257842  0.650000  0.200000
-0.271868  0.650000  0.225000
-0.281700  0.650000  0.250000
-0.288552  0.650000  0.275000
-0.293354  0.650000  0.300000
-0.296763  0.650000  0.325000
-0.299197  0.650000  0.350000
-0.300864  0.650000  0.375000
-0.301876  0.650000  0.400000
-0.302438  0.650000  0.425000
-0.302692  0.650000  0.450000
-0.302780  0.650000  0.475000
-0.302799  0.650000  0.500000
-0.302781  0.650000  0.525000
-0.302698  0.650000  0.550000
-0.302457  0.650000  0.575000
-0.301927  0.650000  0.600000
-0.300981  0.650000  0.625000
-0.299444  0.650000  0.650000
-0.297256  0.650000  0.675000
-0.294300  0.650000  0.700000
-0.290318  0.650000  0.725000
-0.284918  0.650000  0.750000
-0.277603  0.650000  0.775000
-0.267827  0.650000  0.800000
-0.255119  0.650000  0.825000
-0.239291  0.650000  0.850000
-0.220735  0.650000  0.875000
-0.200729  0.650000  0.900000
-0.181552  0.650000  0.925000
-0.166202  0.650000  0.950000
-0.157609  0.650000  0.975000

0.074116  0.675000  0.000000
0.051060  0.675000  0.025000
0.009599  0.675000  0.050000
-0.042486  0.675000  0.075000
-0.096798  0.675000  0.100000
-0.146699  0.675000  0.125000
-0.188481  0.675000  0.150000
-0.221146  0.675000  0.175000
-0.245453  0.675000  0.200000
-0.262936  0.675000  0.225000
-0.275246  0.675000  0.250000
-0.283824  0.675000  0.275000
-0.289796  0.675000  0.300000
-0.293980  0.675000  0.325000
-0.296928  0.675000  0.350000
-0.298985  0.675000  0.375000
-0.300365  0.675000  0.400000
-0.301270  0.675000  0.425000
-0.301771  0.675000  0.450000
-0.302005  0.675000  0.475000
-0.302073  0.675000  0.500000
-0.302010  0.675000  0.525000
-0.301786  0.675000  0.550000
-0.301306  0.675000  0.575000
-0.300446  0.675000  0.600000
-0.299152  0.675000  0.625000
-0.297258  0.675000  0.650000
-0.294609  0.675000  0.675000
-0.290967  0.675000  0.700000
-0.285960  0.675000  0.725000
-0.279073  0.675000  0.750000
-0.269667  0.675000  0.775000
-0.257044  0.675000  0.800000
-0.240605  0.675000  0.825000
-0.220120  0.675000  0.850000
-0.196118  0.675000  0.875000
-0.170274  0.675000  0.900000
-0.145550  0.675000  0.925000
-0.125802  0.675000  0.950000
-0.114766  0.675000  0.975000

0.143507  0.700000  0.000000
0.118422  0.700000  0.025000
0.072675  0.700000  0.050000
0.014009  0.700000  0.075000
-0.048634  0.700000  0.100000
-0.107574  0.700000  0.125000
-0.157998  0.700000  0.150000
-0.198151  0.700000  0.175000
-0.228482  0.700000  0.200000
-0.250557  0.700000  0.225000
-0.266234  0.700000  0.250000
-0.277209  0.700000  0.275000
-0.284845  0.700000  0.300000
-0.290159  0.700000  0.325000
-0.293863  0.700000  0.350000
-0.296438  0.700000  0.375000
-0.298201  0.700000  0.400000
-0.299378  0.700000  0.425000
-0.300090  0.700000  0.450000
-0.300460  0.700000  0.475000
-0.300576  0.700000  0.500000
-0.300472  0.700000  0.525000
-0.300119  0.700000  0.550000
-0.299439  0.700000  0.575000
-0.298322  0.700000  0.600000
-0.296672  0.700000  0.625000
-0.294303  0.700000  0.650000
-0.290968  0.700000  0.675000
-0.286311  0.700000  0.700000
-0.279825  0.700000  0.725000
-0.270838  0.700000  0.750000
-0.258529  0.700000  0.775000
-0.242015  0.700000  0.800000
-0.220559  0.700000  0.825000
-0.193926  0.700000  0.850000
-0.162881  0.700000  0.875000
-0.129663  0.700000  0.900000
-0.098100  0.700000  0.925000
-0.073047  0.700000  0.950000
-0.059110  0.700000  0.975000

0.218685  0.725000  0.000000
0.192502  0.725000  0.025000
0.143936  0.725000  0.050000
0.080055  0.725000  0.075000
0.009750  0.725000  0.100000
-0.058493  0.725000  0.125000
-0.118601  0.725000  0.150000
-0.167692  0.725000  0.175000
-0.205561  0.725000  0.200000
-0.233592  0.725000  0.225000
-0.253760  0.725000  0.250000
-0.268010  0.725000  0.275000
-0.277977  0.725000  0.300000
-0.284915  0.725000  0.325000
-0.289735  0.725000  0.350000
-0.293071  0.725000  0.375000
-0.295357  0.725000  0.400000
-0.296884  0.725000  0.425000
-0.297839  0.725000  0.450000
-0.298357  0.725000  0.475000
-0.298526  0.725000  0.500000
-0.298377  0.725000  0.525000
-0.297887  0.725000  0.550000
-0.296979  0.725000  0.575000
-0.295535  0.725000  0.600000
-0.293397  0.725000  0.625000
-0.290323  0.725000  0.650000
-0.285963  0.725000  0.675000
-0.279827  0.725000  0.700000
-0.271242  0.725000  0.725000
-0.259337  0.725000  0.750000
-0.243072  0.725000  0.775000
-0.221363  0.725000  0.800000
-0.193365  0.725000  0.825000
-0.158937  0.725000  0.850000
-0.119261  0.725000  0.875000
-0.077346  0.725000  0.900000
-0.038035  0.725000  0.925000
-0.007193  0.725000  0.950000
0.009827  0.725000  0.975000

0.295464  0.750000  0.000000
0.269423  0.750000  0.025000
0.220206  0.750000  0.050000
0.153567  0.750000  0.075000
0.077563  0.750000  0.100000
0.000915  0.750000  0.125000
-0.069134  0.750000  0.150000
-0.128262  0.750000  0.175000
-0.175164  0.750000  0.200000
-0.210678  0.750000  0.225000
-0.236695  0.750000  0.250000
-0.255332  0.750000  0.275000
-0.268497  0.750000  0.300000
-0.277717  0.750000  0.325000
-0.284140  0.750000  0.350000
-0.288589  0.750000  0.375000
-0.291637  0.750000  0.400000
-0.293678  0.750000  0.425000
-0.294969  0.750000  0.450000
-0.295683  0.750000  0.475000
-0.295919  0.750000  0.500000
-0.295715  0.750000  0.525000
-0.295044  0.750000  0.550000
-0.293820  0.750000  0.575000
-0.291893  0.750000  0.600000
-0.289039  0.750000  0.625000
-0.284926  0.750000  0.650000
-0.279080  0.750000  0.675000
-0.270844  0.750000  0.700000
-0.259340  0.750000  0.725000
-0.243463  0.750000  0.750000
-0.221935  0.750000  0.775000
-0.193503  0.750000  0.800000
-0.157316  0.750000  0.825000
-0.113539  0.750000  0.850000
-0.064033  0.750000  0.875000
-0.012798  0.750000  0.900000
0.034282  0.750000  0.925000
0.070576  0.750000  0.950000
0.090366  0.750000  0.975000

0.369413  0.775000  0.000000
0.344781  0.775000  0.025000
0.297324  0.775000  0.050000
0.231080  0.775000  0.075000
0.152522  0.775000  0.100000
0.069763  0.775000  0.125000
-0.009270  0.775000  0.150000
-0.078753  0.775000  0.175000
-0.135850  0.775000  0.200000
-0.180368  0.775000  0.225000
-0.213755  0.775000  0.250000
-0.238116  0.775000  0.275000
-0.255564  0.775000  0.300000
-0.267909  0.775000  0.325000
-0.276569  0.775000  0.350000
-0.282594  0.775000  0.375000
-0.286736  0.775000  0.400000
-0.289517  0.775000  0.425000
-0.291286  0.775000  0.450000
-0.292271  0.775000  0.475000
-0.292600  0.775000  0.500000
-0.292319  0.775000  0.525000
-0.291397  0.775000  0.550000
-0.289722  0.775000  0.575000
-0.287095  0.775000  0.600000
-0.283209  0.775000  0.625000
-0.277614  0.775000  0.650000
-0.269678  0.775000  0.675000
-0.258540  0.775000  0.700000
-0.243080  0.775000  0.725000
-0.221941  0.775000  0.750000
-0.193638  0.775000  0.775000
-0.156859  0.775000  0.800000
-0.110985  0.775000  0.825000
-0.056811  0.775000  0.850000
0.002796  0.775000  0.875000
0.062719  0.775000  0.900000
0.116273  0.775000  0.925000
0.156607  0.775000  0.950000
0.178262  0.775000  0.975000

0.436797  0.800000  0.000000
0.414572  0.800000  0.025000
0.370965  0.800000  0.050000
0.308259  0.800000  0.075000
0.230895  0.800000  0.100000
0.145526  0.800000  0.125000
0.059902  0.800000  0.150000
-0.019034  0.800000  0.175000
-0.086725  0.800000  0.200000
-0.141448  0.800000  0.225000
-0.183712  0.800000  0.250000
-0.215272  0.800000  0.275000
-0.238282  0.800000  0.300000
-0.254780  0.800000  0.325000
-0.266465  0.800000  0.350000
-0.274651  0.800000  0.375000
-0.280306  0.800000  0.400000
-0.284116  0.800000  0.425000
-0.286549  0.800000  0.450000
-0.287909  0.800000  0.475000
-0.288365  0.800000  0.500000
-0.287979  0.800000  0.525000
-0.286709  0.800000  0.550000
-0.284405  0.800000  0.575000
-0.280801  0.800000  0.600000
-0.275480  0.800000  0.625000
-0.267844  0.800000  0.650000
-0.257062  0.800000  0.675000
-0.242033  0.800000  0.700000
-0.221380  0.800000  0.725000
-0.193517  0.800000  0.750000
-0.156867  0.800000  0.775000
-0.110305  0.800000  0.800000
-0.053817  0.800000  0.825000
0.010760  0.800000  0.850000
0.079306  0.800000  0.875000
0.145734  0.800000  0.900000
0.203119  0.800000  0.925000
0.245167  0.800000  0.950000
0.267344  0.800000  0.975000

0.495190  0.825000  0.000000
0.475920  0.825000  0.025000
0.437500  0.825000  0.050000
0.380746  0.825000  0.075000
0.308065  0.825000  0.100000
0.224100  0.825000  0.125000
0.135472  0.825000  0.150000
0.049407  0.825000  0.175000
-0.028088  0.825000  0.200000
-0.093475  0.825000  0.225000
-0.145796  0.825000  0.250000
-0.185979  0.825000  0.275000
-0.215913  0.825000  0.300000
-0.237721  0.825000  0.325000
-0.253347  0.825000  0.350000
-0.264383  0.825000  0.375000
-0.272050  0.825000  0.400000
-0.277235  0.825000  0.425000
-0.280557  0.825000  0.450000
-0.282417  0.825000  0.475000
-0.283043  0.825000  0.500000
-0.282516  0.825000  0.525000
-0.280779  0.825000  0.550000
-0.277633  0.825000  0.575000
-0.272719  0.825000  0.600000
-0.265484  0.825000  0.625000
-0.255143  0.825000  0.650000
-0.240630  0.825000  0.675000
-0.220586  0.825000  0.700000
-0.193392  0.825000  0.725000
-0.157342  0.825000  0.750000
-0.111006  0.825000  0.775000
-0.053829  0.825000  0.800000
0.013133  0.825000  0.825000
0.086661  0.825000  0.850000
0.161430  0.825000  0.875000
0.230897  0.825000  0.900000
0.288702  0.825000  0.925000
0.329839  0.825000  0.950000
0.351138  0.825000  0.975000

0.543563  0.850000  0.000000
0.527335  0.850000  0.025000
0.494549  0.850000  0.050000
0.445005  0.850000  0.075000
0.379445  0.850000  0.100000
0.300441  0.850000  0.125000
0.212812  0.850000  0.150000
0.123069  0.850000  0.175000
0.037905  0.850000  0.200000
-0.037474  0.850000  0.225000
-0.100302  0.850000  0.250000
-0.150163  0.850000  0.275000
-0.188249  0.850000  0.300000
-0.216512  0.850000  0.325000
-0.237028  0.850000  0.350000
-0.251647  0.850000  0.375000
-0.261861  0.850000  0.400000
-0.268797  0.850000  0.425000
-0.273250  0.850000  0.450000
-0.275747  0.850000  0.475000
-0.276589  0.850000  0.500000
-0.275882  0.850000  0.525000
-0.273550  0.850000  0.550000
-0.269329  0.850000  0.575000
-0.262745  0.850000  0.600000
-0.253078  0.850000  0.625000
-0.239322  0.850000  0.650000
-0.220154  0.850000  0.675000
-0.193963  0.850000  0.700000
-0.158977  0.850000  0.725000
-0.113579  0.850000  0.750000
-0.056848  0.850000  0.775000
0.010730  0.850000  0.800000
0.086645  0.850000  0.825000
0.166254  0.850000  0.850000
0.243483  0.850000  0.875000
0.312136  0.850000  0.900000
0.367156  0.850000  0.925000
0.405220  0.850000  0.950000
0.424587  0.850000  0.975000

0.581975  0.875000  0.000000
0.568517  0.875000  0.025000
0.541054  0.875000  0.050000
0.498802  0.875000  0.075000
0.441369  0.875000  0.100000
0.369601  0.875000  0.125000
0.286353  0.875000  0.150000
0.196661  0.875000  0.175000
0.106949  0.875000  0.200000
0.023460  0.875000  0.225000
-0.049268  0.875000  0.250000
-0.109114  0.875000  0.275000
-0.156119  0.875000  0.300000
-0.191715  0.875000  0.325000
-0.217918  0.875000  0.350000
-0.236763  0.875000  0.375000
-0.250007  0.875000  0.400000
-0.259029  0.875000  0.425000
-0.264834  0.875000  0.450000
-0.268092  0.875000  0.475000
-0.269191  0.875000  0.500000
-0.268269  0.875000  0.525000
-0.265225  0.875000  0.550000
-0.259717  0.875000  0.575000
-0.251138  0.875000  0.600000
-0.238573  0.875000  0.625000
-0.220774  0.875000  0.650000
-0.196162  0.875000  0.675000
-0.162931  0.875000  0.700000
-0.119316  0.875000  0.725000
-0.064090  0.875000  0.750000
0.002739  0.875000  0.775000
0.079256  0.875000  0.800000
0.161394  0.875000  0.825000
0.243465  0.875000  0.850000
0.319404  0.875000  0.875000
0.384105  0.875000  0.900000
0.434194  0.875000  0.925000
0.467984  0.875000  0.950000
0.484919  0.875000  0.975000

0.611121  0.900000  0.000000
0.599951  0.900000  0.025000
0.576993  0.900000  0.050000
0.541206  0.900000  0.075000
0.491551  0.900000  0.100000
0.427672  0.900000  0.125000
0.350732  0.900000  0.150000
0.264044  0.900000  0.175000
0.173014  0.900000  0.200000
0.084099  0.900000  0.225000
0.003149  0.900000  0.250000
-0.065974  0.900000  0.275000
-0.121854  0.900000  0.300000
-0.165067  0.900000  0.325000
-0.197335  0.900000  0.350000
-0.220754  0.900000  0.375000
-0.237302  0.900000  0.400000
-0.248609  0.900000  0.425000
-0.255894  0.900000  0.450000
-0.259986  0.900000  0.475000
-0.261368  0.900000  0.500000
-0.260208  0.900000  0.525000
-0.256383  0.900000  0.550000
-0.249465  0.900000  0.575000
-0.238698  0.900000  0.600000
-0.222964  0.900000  0.625000
-0.200773  0.900000  0.650000
-0.170326  0.900000  0.675000
-0.129725  0.900000  0.700000
-0.077417  0.900000  0.725000
-0.012877  0.900000  0.750000
0.062640  0.900000  0.775000
0.145663  0.900000  0.800000
0.230842  0.900000  0.825000
0.312101  0.900000  0.850000
0.384090  0.900000  0.875000
0.443173  0.900000  0.900000
0.487584  0.900000  0.925000
0.516929  0.900000  0.950000
0.531458  0.900000  0.975000

0.631926  0.925000  0.000000
0.622470  0.925000  0.025000
0.602947  0.925000  0.050000
0.572246  0.925000  0.075000
0.529025  0.925000  0.100000
0.472215  0.925000  0.125000
0.401770  0.925000  0.150000
0.319491  0.925000  0.175000
0.229500  0.925000  0.200000
0.137825  0.925000  0.225000
0.050998  0.925000  0.250000
-0.025703  0.925000  0.275000
-0.089394  0.925000  0.300000
-0.139619  0.925000  0.325000
-0.177622  0.925000  0.350000
-0.205433  0.925000  0.375000
-0.225180  0.925000  0.400000
-0.238705  0.925000  0.425000
-0.247429  0.925000  0.450000
-0.252331  0.925000  0.475000
-0.253986  0.925000  0.500000
-0.252597  0.925000  0.525000
-0.248012  0.925000  0.550000
-0.239722  0.925000  0.575000
-0.226827  0.925000  0.600000
-0.208020  0.925000  0.625000
-0.181600  0.925000  0.650000
-0.145609  0.925000  0.675000
-0.098173  0.925000  0.700000
-0.038123  0.925000  0.725000
0.034182  0.925000  0.750000
0.116171  0.925000  0.775000
0.203027  0.925000  0.800000
0.288630  0.925000  0.825000
0.367108  0.925000  0.850000
0.434167  0.925000  0.875000
0.487573  0.925000  0.900000
0.526807  0.925000  0.925000
0.552325  0.925000  0.950000
0.564846  0.925000  0.975000

0.645254  0.950000  0.000000
0.636925  0.950000  0.025000
0.619684  0.950000  0.050000
0.592432  0.950000  0.075000
0.553717  0.950000  0.100000
0.502109  0.950000  0.125000
0.436836  0.950000  0.150000
0.358648  0.950000  0.175000
0.270580  0.950000  0.200000
0.178024  0.950000  0.225000
0.087694  0.950000  0.250000
0.005774  0.950000  0.275000
-0.063693  0.950000  0.300000
-0.119321  0.950000  0.325000
-0.161853  0.950000  0.350000
-0.193181  0.950000  0.375000
-0.215505  0.950000  0.400000
-0.230824  0.950000  0.425000
-0.240713  0.950000  0.450000
-0.246271  0.950000  0.475000
-0.248147  0.950000  0.500000
-0.246571  0.950000  0.525000
-0.241371  0.950000  0.550000
-0.231969  0.950000  0.575000
-0.217353  0.950000  0.600000
-0.196065  0.950000  0.625000
-0.166252  0.950000  0.650000
-0.125866  0.950000  0.675000
-0.073129  0.950000  0.700000
-0.007295  0.950000  0.725000
0.070459  0.950000  0.750000
0.156487  0.950000  0.775000
0.245060  0.950000  0.800000
0.329755  0.950000  0.825000
0.405163  0.950000  0.850000
0.467951  0.950000  0.875000
0.516912  0.950000  0.900000
0.552320  0.950000  0.925000
0.575107  0.950000  0.950000
0.586220  0.950000  0.975000

0.651750  0.975000  0.000000
0.643976  0.975000  0.025000
0.627868  0.975000  0.050000
0.602345  0.975000  0.075000
0.565932  0.975000  0.100000
0.517053  0.975000  0.125000
0.454611  0.975000  0.150000
0.378832  0.975000  0.175000
0.292148  0.975000  0.200000
0.199519  0.975000  0.225000
0.107637  0.975000  0.250000
0.023102  0.975000  0.275000
-0.049418  0.975000  0.300000
-0.107989  0.975000  0.325000
-0.153030  0.975000  0.350000
-0.186325  0.975000  0.375000
-0.210099  0.975000  0.400000
-0.226428  0.975000  0.425000
-0.236973  0.975000  0.450000
-0.242901  0.975000  0.475000
-0.244901  0.975000  0.500000
-0.243220  0.975000  0.525000
-0.237674  0.975000  0.550000
-0.227645  0.975000  0.575000
-0.212059  0.975000  0.600000
-0.189375  0.975000  0.625000
-0.157660  0.975000  0.650000
-0.114833  0.975000  0.675000
-0.059197  0.975000  0.700000
0.009716  0.975000  0.725000
0.090238  0.975000  0.750000
0.178131  0.975000  0.775000
0.267228  0.975000  0.800000
0.351048  0.975000  0.825000
0.424526  0.975000  0.850000
0.484883  0.975000  0.875000
0.531438  0.975000  0.900000
0.564837  0.975000  0.925000
0.586218  0.975000  0.950000
0.596614  0.975000  0.975000

