0.300000 
0.780133  0.000000  0.000000
0.778062  0.000000  0.025000
0.773904  0.000000  0.050000
0.767620  0.000000  0.075000
0.759141  0.000000  0.100000
0.748364  0.000000  0.125000
0.735134  0.000000  0.150000
0.719248  0.000000  0.175000
0.700461  0.000000  0.200000
0.678515  0.000000  0.225000
0.653188  0.000000  0.250000
0.624371  0.000000  0.275000
0.592159  0.000000  0.300000
0.556946  0.000000  0.325000
0.519491  0.000000  0.350000
0.480938  0.000000  0.375000
0.442762  0.000000  0.400000
0.406647  0.000000  0.425000
0.374314  0.000000  0.450000
0.347352  0.000000  0.475000
0.327083  0.000000  0.500000
0.314473  0.000000  0.525000
0.310107  0.000000  0.550000
0.314177  0.000000  0.575000
0.326487  0.000000  0.600000
0.346452  0.000000  0.625000
0.373104  0.000000  0.650000
0.405125  0.000000  0.675000
0.440926  0.000000  0.700000
0.478789  0.000000  0.725000
0.517026  0.000000  0.750000
0.554156  0.000000  0.775000
0.589019  0.000000  0.800000
0.620836  0.000000  0.825000
0.649187  0.000000  0.850000
0.673950  0.000000  0.875000
0.695206  0.000000  0.900000
0.713154  0.000000  0.925000
0.728032  0.000000  0.950000
0.740075  0.000000  0.975000
0.749484  0.000000  1.000000
0.756413  0.000000  1.025000
0.760975  0.000000  1.050000
0.763239  0.000000  1.075000

0.778063  0.025000  0.000000
0.775906  0.025000  0.025000
0.771565  0.025000  0.050000
0.764981  0.025000  0.075000
0.756054  0.025000  0.100000
0.744636  0.025000  0.125000
0.730522  0.025000  0.150000
0.713449  0.025000  0.175000
0.693113  0.025000  0.200000
0.669209  0.025000  0.225000
0.641497  0.025000  0.250000
0.609895  0.025000  0.275000
0.574582  0.025000  0.300000
0.536098  0.025000  0.325000
0.495392  0.025000  0.350000
0.453812  0.025000  0.375000
0.413008  0.025000  0.400000
0.374775  0.025000  0.425000
0.340865  0.025000  0.450000
0.312825  0.025000  0.475000
0.291889  0.025000  0.500000
0.278927  0.025000  0.525000
0.274449  0.025000  0.550000
0.278621  0.025000  0.575000
0.291272  0.025000  0.600000
0.311887  0.025000  0.625000
0.339593  0.025000  0.650000
0.373160  0.025000  0.675000
0.411044  0.025000  0.700000
0.451494  0.025000  0.725000
0.492719  0.025000  0.750000
0.533064  0.025000  0.775000
0.571170  0.025000  0.800000
0.606068  0.025000  0.825000
0.637194  0.025000  0.850000
0.664340  0.025000  0.875000
0.687556  0.025000  0.900000
0.707055  0.025000  0.925000
0.723122  0.025000  0.950000
0.736045  0.025000  0.975000
0.746082  0.025000  1.000000
0.753437  0.025000  1.025000
0.758261  0.025000  1.050000
0.760649  0.025000  1.075000

0.773905  0.050000  0.000000
0.771566  0.050000  0.025000
0.766837  0.050000  0.050000
0.759617  0.050000  0.075000
0.749739  0.050000  0.100000
0.736964  0.050000  0.125000
0.720977  0.050000  0.150000
0.701395  0.050000  0.175000
0.677802  0.050000  0.200000
0.649817  0.050000  0.225000
0.617196  0.050000  0.250000
0.579959  0.050000  0.275000
0.538514  0.050000  0.300000
0.493744  0.050000  0.325000
0.447007  0.050000  0.350000
0.400049  0.050000  0.375000
0.354814  0.050000  0.400000
0.313232  0.050000  0.425000
0.277022  0.050000  0.450000
0.247560  0.050000  0.475000
0.225846  0.050000  0.500000
0.212524  0.050000  0.525000
0.207942  0.050000  0.550000
0.212208  0.050000  0.575000
0.225203  0.050000  0.600000
0.246571  0.050000  0.625000
0.275660  0.050000  0.650000
0.311472  0.050000  0.675000
0.352632  0.050000  0.700000
0.397431  0.050000  0.725000
0.443947  0.050000  0.750000
0.490239  0.050000  0.775000
0.534562  0.050000  0.800000
0.575541  0.050000  0.825000
0.612271  0.050000  0.850000
0.644312  0.050000  0.875000
0.671609  0.050000  0.900000
0.694371  0.050000  0.925000
0.712949  0.050000  0.950000
0.727740  0.050000  0.975000
0.739112  0.050000  1.000000
0.747373  0.050000  1.025000
0.752754  0.050000  1.050000
0.755408  0.050000  1.075000

0.767622  0.075000  0.000000
0.764983  0.075000  0.025000
0.759618  0.075000  0.050000
0.751353  0.075000  0.075000
0.739911  0.075000  0.100000
0.724906  0.075000  0.125000
0.705851  0.075000  0.150000
0.682186  0.075000  0.175000
0.653353  0.075000  0.200000
0.618914  0.075000  0.225000
0.578714  0.075000  0.250000
0.533058  0.075000  0.275000
0.482837  0.075000  0.300000
0.429552  0.075000  0.325000
0.375200  0.075000  0.350000
0.322031  0.075000  0.375000
0.272249  0.075000  0.400000
0.227761  0.075000  0.425000
0.190016  0.075000  0.450000
0.159990  0.075000  0.475000
0.138249  0.075000  0.500000
0.125072  0.075000  0.525000
0.120568  0.075000  0.550000
0.124757  0.075000  0.575000
0.137602  0.075000  0.600000
0.158977  0.075000  0.625000
0.188592  0.075000  0.650000
0.225872  0.075000  0.675000
0.269844  0.075000  0.700000
0.319066  0.075000  0.725000
0.371649  0.075000  0.750000
0.425407  0.075000  0.775000
0.478106  0.075000  0.800000
0.527750  0.075000  0.825000
0.572822  0.075000  0.850000
0.612401  0.075000  0.875000
0.646139  0.075000  0.900000
0.674144  0.075000  0.925000
0.696811  0.075000  0.950000
0.714663  0.075000  0.975000
0.728235  0.075000  1.000000
0.737992  0.075000  1.025000
0.744294  0.075000  1.050000
0.747386  0.075000  1.075000

0.759145  0.100000  0.000000
0.756058  0.100000  0.025000
0.749742  0.100000  0.050000
0.739913  0.100000  0.075000
0.726129  0.100000  0.100000
0.707798  0.100000  0.125000
0.684197  0.100000  0.150000
0.654560  0.100000  0.175000
0.618210  0.100000  0.200000
0.574777  0.100000  0.225000
0.524441  0.100000  0.250000
0.468134  0.100000  0.275000
0.407598  0.100000  0.300000
0.345240  0.100000  0.325000
0.283785  0.100000  0.350000
0.225856  0.100000  0.375000
0.173606  0.100000  0.400000
0.128534  0.100000  0.425000
0.091485  0.100000  0.450000
0.062781  0.100000  0.475000
0.042416  0.100000  0.500000
0.030244  0.100000  0.525000
0.026111  0.100000  0.550000
0.029950  0.100000  0.575000
0.041807  0.100000  0.600000
0.061808  0.100000  0.625000
0.090082  0.100000  0.650000
0.126615  0.100000  0.675000
0.171075  0.100000  0.700000
0.222621  0.100000  0.725000
0.279773  0.100000  0.750000
0.340409  0.100000  0.775000
0.401947  0.100000  0.800000
0.461691  0.100000  0.825000
0.517247  0.100000  0.850000
0.566851  0.100000  0.875000
0.609527  0.100000  0.900000
0.645033  0.100000  0.925000
0.673673  0.100000  0.950000
0.696064  0.100000  0.975000
0.712925  0.100000  1.000000
0.724928  0.100000  1.025000
0.732619  0.100000  1.050000
0.736370  0.100000  1.075000

0.748370  0.125000  0.000000
0.744643  0.125000  0.025000
0.736970  0.125000  0.050000
0.724911  0.125000  0.075000
0.707801  0.125000  0.100000
0.684774  0.125000  0.125000
0.654843  0.125000  0.150000
0.617062  0.125000  0.175000
0.570792  0.125000  0.200000
0.516037  0.125000  0.225000
0.453754  0.125000  0.250000
0.385984  0.125000  0.275000
0.315667  0.125000  0.300000
0.246175  0.125000  0.325000
0.180687  0.125000  0.350000
0.121687  0.125000  0.375000
0.070722  0.125000  0.400000
0.028446  0.125000  0.425000
-0.005157  0.125000  0.450000
-0.030490  0.125000  0.475000
-0.048097  0.125000  0.500000
-0.058478  0.125000  0.525000
-0.061979  0.125000  0.550000
-0.058730  0.125000  0.575000
-0.048627  0.125000  0.600000
-0.031352  0.125000  0.625000
-0.006435  0.125000  0.650000
0.026638  0.125000  0.675000
0.068244  0.125000  0.700000
0.118383  0.125000  0.725000
0.176405  0.125000  0.750000
0.240797  0.125000  0.775000
0.309134  0.125000  0.800000
0.378308  0.125000  0.825000
0.445008  0.125000  0.850000
0.506313  0.125000  0.875000
0.560155  0.125000  0.900000
0.605505  0.125000  0.925000
0.642261  0.125000  0.950000
0.670963  0.125000  0.975000
0.692466  0.125000  1.000000
0.707671  0.125000  1.025000
0.717349  0.125000  1.050000
0.722047  0.125000  1.075000

0.735144  0.150000  0.000000
0.730533  0.150000  0.025000
0.720987  0.150000  0.050000
0.705860  0.150000  0.075000
0.684205  0.150000  0.100000
0.654848  0.150000  0.125000
0.616566  0.150000  0.150000
0.568405  0.150000  0.175000
0.510118  0.150000  0.200000
0.442623  0.150000  0.225000
0.368241  0.150000  0.250000
0.290523  0.150000  0.275000
0.213615  0.150000  0.300000
0.141391  0.150000  0.325000
0.076749  0.150000  0.350000
0.021304  0.150000  0.375000
-0.024502  0.150000  0.400000
-0.061059  0.150000  0.425000
-0.089199  0.150000  0.450000
-0.109882  0.150000  0.475000
-0.123991  0.150000  0.500000
-0.132207  0.150000  0.525000
-0.134962  0.150000  0.550000
-0.132408  0.150000  0.575000
-0.124418  0.150000  0.600000
-0.110591  0.150000  0.625000
-0.090277  0.150000  0.650000
-0.062634  0.150000  0.675000
-0.026745  0.150000  0.700000
0.018179  0.150000  0.725000
0.072502  0.150000  0.750000
0.135787  0.150000  0.775000
0.206472  0.150000  0.800000
0.281762  0.150000  0.825000
0.357903  0.150000  0.850000
0.430852  0.150000  0.875000
0.497087  0.150000  0.900000
0.554233  0.150000  0.925000
0.601253  0.150000  0.950000
0.638239  0.150000  0.975000
0.665987  0.150000  1.000000
0.685564  0.150000  1.025000
0.697980  0.150000  1.050000
0.703990  0.150000  1.075000

0.719263  0.175000  0.000000
0.713465  0.175000  0.025000
0.701410  0.175000  0.050000
0.682202  0.175000  0.075000
0.654574  0.175000  0.100000
0.617074  0.175000  0.125000
0.568411  0.175000  0.150000
0.508006  0.175000  0.175000
0.436608  0.175000  0.200000
0.356721  0.175000  0.225000
0.272488  0.175000  0.250000
0.188910  0.175000  0.275000
0.110685  0.175000  0.300000
0.041233  0.175000  0.325000
-0.017706  0.175000  0.350000
-0.065886  0.175000  0.375000
-0.104066  0.175000  0.400000
-0.133492  0.175000  0.425000
-0.155513  0.175000  0.450000
-0.171349  0.175000  0.475000
-0.181979  0.175000  0.500000
-0.188105  0.175000  0.525000
-0.190148  0.175000  0.550000
-0.188256  0.175000  0.575000
-0.182303  0.175000  0.600000
-0.171896  0.175000  0.625000
-0.156365  0.175000  0.650000
-0.134774  0.175000  0.675000
-0.105958  0.175000  0.700000
-0.068634  0.175000  0.725000
-0.021618  0.175000  0.750000
0.035802  0.175000  0.775000
0.103387  0.175000  0.800000
0.179480  0.175000  0.825000
0.260826  0.175000  0.850000
0.342922  0.175000  0.875000
0.420917  0.175000  0.900000
0.490698  0.175000  0.925000
0.549654  0.175000  0.950000
0.596827  0.175000  0.975000
0.632547  0.175000  1.000000
0.657842  0.175000  1.025000
0.673892  0.175000  1.050000
0.681655  0.175000  1.075000

0.700483  0.200000  0.000000
0.693136  0.200000  0.025000
0.677825  0.200000  0.050000
0.653377  0.200000  0.075000
0.618232  0.200000  0.100000
0.570812  0.200000  0.125000
0.510133  0.200000  0.150000
0.436615  0.200000  0.175000
0.352744  0.200000  0.200000
0.263123  0.200000  0.225000
0.173614  0.200000  0.250000
0.089865  0.200000  0.275000
0.015972  0.200000  0.300000
-0.046077  0.200000  0.325000
-0.096160  0.200000  0.350000
-0.135367  0.200000  0.375000
-0.165328  0.200000  0.400000
-0.187745  0.200000  0.425000
-0.204128  0.200000  0.450000
-0.215697  0.200000  0.475000
-0.223360  0.200000  0.500000
-0.227738  0.200000  0.525000
-0.229192  0.200000  0.550000
-0.227846  0.200000  0.575000
-0.223595  0.200000  0.600000
-0.216099  0.200000  0.625000
-0.204769  0.200000  0.650000
-0.188736  0.200000  0.675000
-0.166838  0.200000  0.700000
-0.137643  0.200000  0.725000
-0.099541  0.200000  0.750000
-0.051000  0.200000  0.775000
0.009001  0.200000  0.800000
0.080350  0.200000  0.825000
0.161190  0.200000  0.850000
0.247677  0.200000  0.875000
0.334457  0.200000  0.900000
0.415863  0.200000  0.925000
0.487287  0.200000  0.950000
0.546029  0.200000  0.975000
0.591319  0.200000  1.000000
0.623726  0.200000  1.025000
0.644396  0.200000  1.050000
0.654414  0.200000  1.075000

0.678546  0.225000  0.000000
0.669240  0.225000  0.025000
0.649849  0.225000  0.050000
0.618947  0.225000  0.075000
0.574810  0.225000  0.100000
0.516066  0.225000  0.125000
0.442646  0.225000  0.150000
0.356736  0.225000  0.175000
0.263130  0.225000  0.200000
0.168452  0.225000  0.225000
0.079400  0.225000  0.250000
0.000972  0.225000  0.275000
-0.064386  0.225000  0.300000
-0.116532  0.225000  0.325000
-0.156809  0.225000  0.350000
-0.187198  0.225000  0.375000
-0.209727  0.225000  0.400000
-0.226173  0.225000  0.425000
-0.237961  0.225000  0.450000
-0.246159  0.225000  0.475000
-0.251530  0.225000  0.500000
-0.254575  0.225000  0.525000
-0.255583  0.225000  0.550000
-0.254650  0.225000  0.575000
-0.251695  0.225000  0.600000
-0.246446  0.225000  0.625000
-0.238427  0.225000  0.650000
-0.226912  0.225000  0.675000
-0.210886  0.225000  0.700000
-0.189003  0.225000  0.725000
-0.159593  0.225000  0.750000
-0.120760  0.225000  0.775000
-0.070667  0.225000  0.800000
-0.008067  0.225000  0.825000
0.066921  0.225000  0.850000
0.152055  0.225000  0.875000
0.242715  0.225000  0.900000
0.332603  0.225000  0.925000
0.415307  0.225000  0.950000
0.485921  0.225000  0.975000
0.541852  0.225000  1.000000
0.582588  0.225000  1.025000
0.608840  0.225000  1.050000
0.621631  0.225000  1.075000

0.653230  0.250000  0.000000
0.641540  0.250000  0.025000
0.617241  0.250000  0.050000
0.578760  0.250000  0.075000
0.524485  0.250000  0.100000
0.453793  0.250000  0.125000
0.368272  0.250000  0.150000
0.272510  0.250000  0.175000
0.173629  0.250000  0.200000
0.079408  0.250000  0.225000
-0.003987  0.250000  0.250000
-0.073324  0.250000  0.275000
-0.128202  0.250000  0.300000
-0.170092  0.250000  0.325000
-0.201272  0.250000  0.350000
-0.224089  0.250000  0.375000
-0.240589  0.250000  0.400000
-0.252393  0.250000  0.425000
-0.260717  0.250000  0.450000
-0.266434  0.250000  0.475000
-0.270142  0.250000  0.500000
-0.272231  0.250000  0.525000
-0.272920  0.250000  0.550000
-0.272282  0.250000  0.575000
-0.270255  0.250000  0.600000
-0.266634  0.250000  0.625000
-0.261049  0.250000  0.650000
-0.252932  0.250000  0.675000
-0.241456  0.250000  0.700000
-0.225481  0.250000  0.725000
-0.203490  0.250000  0.750000
-0.173589  0.250000  0.775000
-0.133618  0.250000  0.800000
-0.081497  0.250000  0.825000
-0.015881  0.250000  0.850000
0.062886  0.250000  0.875000
0.151893  0.250000  0.900000
0.245508  0.250000  0.925000
0.336440  0.250000  0.950000
0.417711  0.250000  0.975000
0.484395  0.250000  1.000000
0.534183  0.250000  1.025000
0.566777  0.250000  1.050000
0.582792  0.250000  1.075000

0.624426  0.275000  0.000000
0.609951  0.275000  0.025000
0.580018  0.275000  0.050000
0.533117  0.275000  0.075000
0.468189  0.275000  0.100000
0.386031  0.275000  0.125000
0.290561  0.275000  0.150000
0.188939  0.275000  0.175000
0.089887  0.275000  0.200000
0.000986  0.275000  0.225000
-0.073316  0.275000  0.250000
-0.131992  0.275000  0.275000
-0.176424  0.275000  0.300000
-0.209109  0.275000  0.325000
-0.232708  0.275000  0.350000
-0.249553  0.275000  0.375000
-0.261489  0.275000  0.400000
-0.269889  0.275000  0.425000
-0.275733  0.275000  0.450000
-0.279703  0.275000  0.475000
-0.282255  0.275000  0.500000
-0.283683  0.275000  0.525000
-0.284152  0.275000  0.550000
-0.283717  0.275000  0.575000
-0.282331  0.275000  0.600000
-0.279840  0.275000  0.625000
-0.275966  0.275000  0.650000
-0.270276  0.275000  0.675000
-0.262130  0.275000  0.700000
-0.250609  0.275000  0.725000
-0.234442  0.275000  0.750000
-0.211933  0.275000  0.775000
-0.180960  0.275000  0.800000
-0.139124  0.275000  0.825000
-0.084191  0.275000  0.850000
-0.014926  0.275000  0.875000
0.067772  0.275000  0.900000
0.159950  0.275000  0.925000
0.254726  0.275000  0.950000
0.343875  0.275000  0.975000
0.420152  0.275000  1.000000
0.478907  0.275000  1.025000
0.518179  0.275000  1.050000
0.537701  0.275000  1.075000

0.592231  0.300000  0.000000
0.574655  0.300000  0.025000
0.538588  0.300000  0.050000
0.482908  0.300000  0.075000
0.407663  0.300000  0.100000
0.315722  0.300000  0.125000
0.213659  0.300000  0.150000
0.110722  0.300000  0.175000
0.016001  0.300000  0.200000
-0.064363  0.300000  0.225000
-0.128188  0.300000  0.250000
-0.176417  0.300000  0.275000
-0.211619  0.300000  0.300000
-0.236741  0.300000  0.325000
-0.254439  0.300000  0.350000
-0.266821  0.300000  0.375000
-0.275456  0.300000  0.400000
-0.281455  0.300000  0.425000
-0.285584  0.300000  0.450000
-0.288364  0.300000  0.475000
-0.290134  0.300000  0.500000
-0.291116  0.300000  0.525000
-0.291436  0.300000  0.550000
-0.291138  0.300000  0.575000
-0.290184  0.300000  0.600000
-0.288457  0.300000  0.625000
-0.285746  0.300000  0.650000
-0.281732  0.300000  0.675000
-0.275927  0.300000  0.700000
-0.267619  0.300000  0.725000
-0.255785  0.300000  0.750000
-0.238997  0.300000  0.775000
-0.215356  0.300000  0.800000
-0.182504  0.300000  0.825000
-0.137851  0.300000  0.850000
-0.079168  0.300000  0.875000
-0.005648  0.300000  0.900000
0.080794  0.300000  0.925000
0.174734  0.300000  0.950000
0.267893  0.300000  0.975000
0.351348  0.300000  1.000000
0.417990  0.300000  1.025000
0.463665  0.300000  1.050000
0.486702  0.300000  1.075000

0.557036  0.325000  0.000000
0.536189  0.325000  0.025000
0.493833  0.325000  0.050000
0.429636  0.325000  0.075000
0.345313  0.325000  0.100000
0.246235  0.325000  0.125000
0.141441  0.325000  0.150000
0.041277  0.325000  0.175000
-0.046040  0.325000  0.200000
-0.116503  0.325000  0.225000
-0.170073  0.325000  0.250000
-0.209098  0.325000  0.275000
-0.236737  0.325000  0.300000
-0.255987  0.325000  0.325000
-0.269286  0.325000  0.350000
-0.278453  0.325000  0.375000
-0.284773  0.325000  0.400000
-0.289125  0.325000  0.425000
-0.292100  0.325000  0.450000
-0.294087  0.325000  0.475000
-0.295336  0.325000  0.500000
-0.296017  0.325000  0.525000
-0.296236  0.325000  0.550000
-0.296031  0.325000  0.575000
-0.295368  0.325000  0.600000
-0.294149  0.325000  0.625000
-0.292212  0.325000  0.650000
-0.289323  0.325000  0.675000
-0.285118  0.325000  0.700000
-0.279055  0.325000  0.725000
-0.270331  0.325000  0.750000
-0.257786  0.325000  0.775000
-0.239801  0.325000  0.800000
-0.214240  0.325000  0.825000
-0.178520  0.325000  0.850000
-0.129963  0.325000  0.875000
-0.066627  0.325000  0.900000
0.011385  0.325000  0.925000
0.100565  0.325000  0.950000
0.193635  0.325000  0.975000
0.281011  0.325000  1.000000
0.353530  0.325000  1.025000
0.404645  0.325000  1.050000
0.430859  0.325000  1.075000

0.519601  0.350000  0.000000
0.495501  0.350000  0.025000
0.447112  0.350000  0.050000
0.375294  0.350000  0.075000
0.283865  0.350000  0.100000
0.180753  0.350000  0.125000
0.076807  0.350000  0.150000
-0.017654  0.350000  0.175000
-0.096117  0.350000  0.200000
-0.156776  0.350000  0.225000
-0.201249  0.350000  0.250000
-0.232693  0.350000  0.275000
-0.254431  0.350000  0.300000
-0.269283  0.350000  0.325000
-0.279398  0.350000  0.350000
-0.286303  0.350000  0.375000
-0.291040  0.350000  0.400000
-0.294290  0.350000  0.425000
-0.296497  0.350000  0.450000
-0.297963  0.350000  0.475000
-0.298856  0.350000  0.500000
-0.299325  0.350000  0.525000
-0.299472  0.350000  0.550000
-0.299334  0.350000  0.575000
-0.298877  0.350000  0.600000
-0.298004  0.350000  0.625000
-0.296573  0.350000  0.650000
-0.294430  0.350000  0.675000
-0.291295  0.350000  0.700000
-0.286762  0.350000  0.725000
-0.280215  0.350000  0.750000
-0.270726  0.350000  0.775000
-0.256951  0.350000  0.800000
-0.237035  0.350000  0.825000
-0.208589  0.350000  0.850000
-0.168864  0.350000  0.875000
-0.115324  0.350000  0.900000
-0.046774  0.350000  0.925000
0.035103  0.350000  0.950000
0.124606  0.350000  0.975000
0.212478  0.350000  1.000000
0.288286  0.350000  1.025000
0.343301  0.350000  1.050000
0.372023  0.350000  1.075000

0.481068  0.375000  0.000000
0.453939  0.375000  0.025000
0.400166  0.375000  0.050000
0.322133  0.375000  0.075000
0.225941  0.375000  0.100000
0.121760  0.375000  0.125000
0.021370  0.375000  0.150000
-0.065828  0.375000  0.175000
-0.135319  0.375000  0.200000
-0.187161  0.375000  0.225000
-0.224064  0.375000  0.250000
-0.249536  0.375000  0.275000
-0.266812  0.375000  0.300000
-0.278447  0.375000  0.325000
-0.286301  0.375000  0.350000
-0.291649  0.375000  0.375000
-0.295324  0.375000  0.400000
-0.297839  0.375000  0.425000
-0.299509  0.375000  0.450000
-0.300598  0.375000  0.475000
-0.301212  0.375000  0.500000
-0.301507  0.375000  0.525000
-0.301594  0.375000  0.550000
-0.301512  0.375000  0.575000
-0.301224  0.375000  0.600000
-0.300624  0.375000  0.625000
-0.299561  0.375000  0.650000
-0.297939  0.375000  0.675000
-0.295514  0.375000  0.700000
-0.292002  0.375000  0.725000
-0.286949  0.375000  0.750000
-0.279619  0.375000  0.775000
-0.268906  0.375000  0.800000
-0.253227  0.375000  0.825000
-0.230457  0.375000  0.850000
-0.197982  0.375000  0.875000
-0.153063  0.375000  0.900000
-0.093729  0.375000  0.925000
-0.020239  0.375000  0.950000
0.063367  0.375000  0.975000
0.148822  0.375000  1.000000
0.225272  0.375000  1.025000
0.282356  0.375000  1.050000
0.312697  0.375000  1.075000

0.442911  0.400000  0.000000
0.413150  0.400000  0.025000
0.354942  0.400000  0.050000
0.272359  0.400000  0.075000
0.173697  0.400000  0.100000
0.070802  0.400000  0.125000
-0.024429  0.400000  0.150000
-0.104002  0.400000  0.175000
-0.165277  0.400000  0.200000
-0.209688  0.400000  0.225000
-0.240562  0.400000  0.250000
-0.261472  0.400000  0.275000
-0.275446  0.400000  0.300000
-0.284766  0.400000  0.325000
-0.291036  0.400000  0.350000
-0.295322  0.400000  0.375000
-0.298283  0.400000  0.400000
-0.300269  0.400000  0.425000
-0.301476  0.400000  0.450000
-0.302157  0.400000  0.475000
-0.302483  0.400000  0.500000
-0.302609  0.400000  0.525000
-0.302639  0.400000  0.550000
-0.302611  0.400000  0.575000
-0.302489  0.400000  0.600000
-0.302173  0.400000  0.625000
-0.301511  0.400000  0.650000
-0.300341  0.400000  0.675000
-0.298426  0.400000  0.700000
-0.295598  0.400000  0.725000
-0.291558  0.400000  0.750000
-0.285733  0.400000  0.775000
-0.277212  0.400000  0.800000
-0.264648  0.400000  0.825000
-0.246179  0.400000  0.850000
-0.219410  0.400000  0.875000
-0.181636  0.400000  0.900000
-0.130504  0.400000  0.925000
-0.065312  0.400000  0.950000
0.011325  0.400000  0.975000
0.092387  0.400000  1.000000
0.167279  0.400000  1.025000
0.224677  0.400000  1.050000
0.255703  0.400000  1.075000

0.406811  0.425000  0.000000
0.374929  0.425000  0.025000
0.313369  0.425000  0.050000
0.227876  0.425000  0.075000
0.128631  0.425000  0.100000
0.028532  0.425000  0.125000
-0.060981  0.425000  0.150000
-0.133425  0.425000  0.175000
-0.187692  0.425000  0.200000
-0.226135  0.425000  0.225000
-0.252367  0.425000  0.250000
-0.269871  0.425000  0.275000
-0.281444  0.425000  0.300000
-0.289118  0.425000  0.325000
-0.294285  0.425000  0.350000
-0.297834  0.425000  0.375000
-0.300268  0.425000  0.400000
-0.301757  0.425000  0.425000
-0.302525  0.425000  0.450000
-0.302837  0.425000  0.475000
-0.302901  0.425000  0.500000
-0.302875  0.425000  0.525000
-0.302856  0.425000  0.550000
-0.302876  0.425000  0.575000
-0.302904  0.425000  0.600000
-0.302846  0.425000  0.625000
-0.302548  0.425000  0.650000
-0.301809  0.425000  0.675000
-0.300378  0.425000  0.700000
-0.298055  0.425000  0.725000
-0.294714  0.425000  0.750000
-0.289934  0.425000  0.775000
-0.282962  0.425000  0.800000
-0.272651  0.425000  0.825000
-0.257367  0.425000  0.850000
-0.234950  0.425000  0.875000
-0.202833  0.425000  0.900000
-0.158544  0.425000  0.925000
-0.100800  0.425000  0.950000
-0.031148  0.425000  0.975000
0.044599  0.425000  1.000000
0.116489  0.425000  1.025000
0.172838  0.425000  1.050000
0.203753  0.425000  1.075000

0.374490  0.450000  0.000000
0.341029  0.450000  0.025000
0.277165  0.450000  0.050000
0.190135  0.450000  0.075000
0.091586  0.450000  0.100000
-0.005066  0.450000  0.125000
-0.089117  0.450000  0.150000
-0.155444  0.450000  0.175000
-0.204074  0.450000  0.200000
-0.237922  0.450000  0.225000
-0.260691  0.450000  0.250000
-0.275716  0.450000  0.275000
-0.285573  0.450000  0.300000
-0.292092  0.450000  0.325000
-0.296491  0.450000  0.350000
-0.299506  0.450000  0.375000
-0.301477  0.450000  0.400000
-0.302525  0.450000  0.425000
-0.302915  0.450000  0.450000
-0.302926  0.450000  0.475000
-0.302780  0.450000  0.500000
-0.302633  0.450000  0.525000
-0.302573  0.450000  0.550000
-0.302632  0.450000  0.575000
-0.302780  0.450000  0.600000
-0.302930  0.450000  0.625000
-0.302930  0.450000  0.650000
-0.302563  0.450000  0.675000
-0.301563  0.450000  0.700000
-0.299688  0.450000  0.725000
-0.296854  0.450000  0.750000
-0.292797  0.450000  0.775000
-0.286908  0.450000  0.800000
-0.278197  0.450000  0.825000
-0.265219  0.450000  0.850000
-0.246022  0.450000  0.875000
-0.218210  0.450000  0.900000
-0.179327  0.450000  0.925000
-0.127784  0.450000  0.950000
-0.064392  0.450000  0.975000
0.006036  0.450000  1.000000
0.074313  0.450000  1.025000
0.128815  0.450000  1.050000
0.159085  0.450000  1.075000

0.347538  0.475000  0.000000
0.312996  0.475000  0.025000
0.247707  0.475000  0.050000
0.160112  0.475000  0.075000
0.062886  0.475000  0.100000
-0.030395  0.475000  0.125000
-0.109797  0.475000  0.150000
-0.171278  0.475000  0.175000
-0.215643  0.475000  0.200000
-0.246121  0.475000  0.225000
-0.266408  0.475000  0.250000
-0.279686  0.475000  0.275000
-0.288352  0.475000  0.300000
-0.294078  0.475000  0.325000
-0.297955  0.475000  0.350000
-0.300594  0.475000  0.375000
-0.302156  0.475000  0.400000
-0.302836  0.475000  0.425000
-0.302926  0.475000  0.450000
-0.302709  0.475000  0.475000
-0.302409  0.475000  0.500000
-0.302172  0.475000  0.525000
-0.302084  0.475000  0.550000
-0.302171  0.475000  0.575000
-0.302407  0.475000  0.600000
-0.302710  0.475000  0.625000
-0.302935  0.475000  0.650000
-0.302865  0.475000  0.675000
-0.302226  0.475000  0.700000
-0.300748  0.475000  0.725000
-0.298272  0.475000  0.750000
-0.294705  0.475000  0.775000
-0.289556  0.475000  0.800000
-0.281951  0.475000  0.825000
-0.270589  0.475000  0.850000
-0.253684  0.475000  0.875000
-0.228999  0.475000  0.900000
-0.194151  0.475000  0.925000
-0.147408  0.475000  0.950000
-0.089115  0.475000  0.975000
-0.023338  0.475000  1.000000
0.041445  0.475000  1.025000
0.093876  0.475000  1.050000
0.123273  0.475000  1.075000

0.327273  0.500000  0.000000
0.292064  0.500000  0.025000
0.225996  0.500000  0.050000
0.138373  0.500000  0.075000
0.042525  0.500000  0.100000
-0.047998  0.500000  0.125000
-0.123904  0.500000  0.150000
-0.181908  0.500000  0.175000
-0.223306  0.500000  0.200000
-0.251492  0.500000  0.225000
-0.270117  0.500000  0.250000
-0.282238  0.500000  0.275000
-0.290122  0.500000  0.300000
-0.295327  0.500000  0.325000
-0.298848  0.500000  0.350000
-0.301210  0.500000  0.375000
-0.302481  0.500000  0.400000
-0.302900  0.500000  0.425000
-0.302780  0.500000  0.450000
-0.302408  0.500000  0.475000
-0.302004  0.500000  0.500000
-0.301708  0.500000  0.525000
-0.301601  0.500000  0.550000
-0.301706  0.500000  0.575000
-0.302001  0.500000  0.600000
-0.302408  0.500000  0.625000
-0.302786  0.500000  0.650000
-0.302923  0.500000  0.675000
-0.302541  0.500000  0.700000
-0.301346  0.500000  0.725000
-0.299134  0.500000  0.750000
-0.295901  0.500000  0.775000
-0.291239  0.500000  0.800000
-0.284358  0.500000  0.825000
-0.274061  0.500000  0.850000
-0.258682  0.500000  0.875000
-0.236110  0.500000  0.900000
-0.204038  0.500000  0.925000
-0.160682  0.500000  0.950000
-0.106109  0.500000  0.975000
-0.043884  0.500000  1.000000
0.018063  0.500000  1.025000
0.068680  0.500000  1.050000
0.097248  0.500000  1.075000

0.314667  0.525000  0.000000
0.279104  0.525000  0.025000
0.212675  0.525000  0.050000
0.125198  0.525000  0.075000
0.030354  0.525000  0.100000
-0.058378  0.525000  0.125000
-0.132119  0.525000  0.150000
-0.188034  0.525000  0.175000
-0.227685  0.525000  0.200000
-0.254538  0.525000  0.225000
-0.272206  0.525000  0.250000
-0.283666  0.525000  0.275000
-0.291104  0.525000  0.300000
-0.296007  0.525000  0.325000
-0.299316  0.525000  0.350000
-0.301505  0.525000  0.375000
-0.302607  0.525000  0.400000
-0.302874  0.525000  0.425000
-0.302632  0.525000  0.450000
-0.302172  0.525000  0.475000
-0.301708  0.525000  0.500000
-0.301379  0.525000  0.525000
-0.301261  0.525000  0.550000
-0.301377  0.525000  0.575000
-0.301705  0.525000  0.600000
-0.302170  0.525000  0.625000
-0.302636  0.525000  0.650000
-0.302893  0.525000  0.675000
-0.302661  0.525000  0.700000
-0.301631  0.525000  0.725000
-0.299585  0.525000  0.750000
-0.296552  0.525000  0.775000
-0.292170  0.525000  0.800000
-0.285702  0.525000  0.825000
-0.276012  0.525000  0.850000
-0.261509  0.525000  0.875000
-0.240158  0.525000  0.900000
-0.209710  0.525000  0.925000
-0.168365  0.525000  0.950000
-0.116050  0.525000  0.975000
-0.056040  0.525000  1.000000
0.004075  0.525000  1.025000
0.053469  0.525000  1.050000
0.081457  0.525000  1.075000

0.310301  0.550000  0.000000
0.274627  0.550000  0.025000
0.208094  0.550000  0.050000
0.120694  0.550000  0.075000
0.026221  0.550000  0.100000
-0.061878  0.550000  0.125000
-0.134874  0.550000  0.150000
-0.190077  0.550000  0.175000
-0.229139  0.550000  0.200000
-0.255546  0.550000  0.225000
-0.272895  0.550000  0.250000
-0.284135  0.550000  0.275000
-0.291424  0.550000  0.300000
-0.296227  0.550000  0.325000
-0.299463  0.550000  0.350000
-0.301592  0.550000  0.375000
-0.302638  0.550000  0.400000
-0.302855  0.550000  0.425000
-0.302573  0.550000  0.450000
-0.302084  0.550000  0.475000
-0.301601  0.550000  0.500000
-0.301261  0.550000  0.525000
-0.301139  0.550000  0.550000
-0.301259  0.550000  0.575000
-0.301597  0.550000  0.600000
-0.302081  0.550000  0.625000
-0.302576  0.550000  0.650000
-0.302873  0.550000  0.675000
-0.302690  0.550000  0.700000
-0.301715  0.550000  0.725000
-0.299726  0.550000  0.750000
-0.296761  0.550000  0.775000
-0.292473  0.550000  0.800000
-0.286142  0.550000  0.825000
-0.276654  0.550000  0.850000
-0.262442  0.550000  0.875000
-0.241499  0.550000  0.900000
-0.211596  0.550000  0.925000
-0.170932  0.550000  0.950000
-0.119387  0.550000  0.975000
-0.060142  0.550000  1.000000
-0.000671  0.550000  1.025000
0.048287  0.550000  1.050000
0.076063  0.550000  1.075000

0.314370  0.575000  0.000000
0.278798  0.575000  0.025000
0.212358  0.575000  0.050000
0.124883  0.575000  0.075000
0.030060  0.575000  0.100000
-0.058630  0.575000  0.125000
-0.132320  0.575000  0.150000
-0.188185  0.575000  0.175000
-0.227793  0.575000  0.200000
-0.254613  0.575000  0.225000
-0.272257  0.575000  0.250000
-0.283700  0.575000  0.275000
-0.291126  0.575000  0.300000
-0.296022  0.575000  0.325000
-0.299325  0.575000  0.350000
-0.301510  0.575000  0.375000
-0.302610  0.575000  0.400000
-0.302875  0.575000  0.425000
-0.302632  0.575000  0.450000
-0.302171  0.575000  0.475000
-0.301706  0.575000  0.500000
-0.301377  0.575000  0.525000
-0.301259  0.575000  0.550000
-0.301375  0.575000  0.575000
-0.301703  0.575000  0.600000
-0.302169  0.575000  0.625000
-0.302635  0.575000  0.650000
-0.302894  0.575000  0.675000
-0.302663  0.575000  0.700000
-0.301635  0.575000  0.725000
-0.299593  0.575000  0.750000
-0.296565  0.575000  0.775000
-0.292190  0.575000  0.800000
-0.285733  0.575000  0.825000
-0.276058  0.575000  0.850000
-0.261577  0.575000  0.875000
-0.240255  0.575000  0.900000
-0.209845  0.575000  0.925000
-0.168547  0.575000  0.950000
-0.116284  0.575000  0.975000
-0.056323  0.575000  1.000000
0.003751  0.575000  1.025000
0.053120  0.575000  1.050000
0.081095  0.575000  1.075000

0.326678  0.600000  0.000000
0.291447  0.600000  0.025000
0.225352  0.600000  0.050000
0.137726  0.600000  0.075000
0.041915  0.600000  0.100000
-0.048529  0.600000  0.125000
-0.124331  0.600000  0.150000
-0.182232  0.600000  0.175000
-0.223541  0.600000  0.200000
-0.251657  0.600000  0.225000
-0.270230  0.600000  0.250000
-0.282314  0.600000  0.275000
-0.290172  0.600000  0.300000
-0.295359  0.600000  0.325000
-0.298868  0.600000  0.350000
-0.301222  0.600000  0.375000
-0.302488  0.600000  0.400000
-0.302903  0.600000  0.425000
-0.302780  0.600000  0.450000
-0.302407  0.600000  0.475000
-0.302001  0.600000  0.500000
-0.301705  0.600000  0.525000
-0.301597  0.600000  0.550000
-0.301703  0.600000  0.575000
-0.301999  0.600000  0.600000
-0.302406  0.600000  0.625000
-0.302786  0.600000  0.650000
-0.302925  0.600000  0.675000
-0.302547  0.600000  0.700000
-0.301357  0.600000  0.725000
-0.299153  0.600000  0.750000
-0.295931  0.600000  0.775000
-0.291285  0.600000  0.800000
-0.284428  0.600000  0.825000
-0.274164  0.600000  0.850000
-0.258832  0.600000  0.875000
-0.236322  0.600000  0.900000
-0.204331  0.600000  0.925000
-0.161071  0.600000  0.950000
-0.106604  0.600000  0.975000
-0.044477  0.600000  1.000000
0.017392  0.600000  1.025000
0.067960  0.600000  1.050000
0.096506  0.600000  1.075000

0.346637  0.625000  0.000000
0.312058  0.625000  0.025000
0.246717  0.625000  0.050000
0.159099  0.625000  0.075000
0.061913  0.625000  0.100000
-0.031257  0.625000  0.125000
-0.110506  0.625000  0.150000
-0.171825  0.625000  0.175000
-0.216046  0.625000  0.200000
-0.246408  0.625000  0.225000
-0.266608  0.625000  0.250000
-0.279823  0.625000  0.275000
-0.288445  0.625000  0.300000
-0.294141  0.625000  0.325000
-0.297996  0.625000  0.350000
-0.300620  0.625000  0.375000
-0.302172  0.625000  0.400000
-0.302845  0.625000  0.425000
-0.302930  0.625000  0.450000
-0.302710  0.625000  0.475000
-0.302408  0.625000  0.500000
-0.302170  0.625000  0.525000
-0.302081  0.625000  0.550000
-0.302169  0.625000  0.575000
-0.302406  0.625000  0.600000
-0.302711  0.625000  0.625000
-0.302939  0.625000  0.650000
-0.302873  0.625000  0.675000
-0.302241  0.625000  0.700000
-0.300773  0.625000  0.725000
-0.298310  0.625000  0.750000
-0.294763  0.625000  0.775000
-0.289643  0.625000  0.800000
-0.282078  0.625000  0.825000
-0.270773  0.625000  0.850000
-0.253945  0.625000  0.875000
-0.229365  0.625000  0.900000
-0.194648  0.625000  0.925000
-0.148059  0.625000  0.950000
-0.089927  0.625000  0.975000
-0.024295  0.625000  1.000000
0.040380  0.625000  1.025000
0.092748  0.625000  1.050000
0.122120  0.625000  1.075000

0.373281  0.650000  0.000000
0.339757  0.650000  0.025000
0.275803  0.650000  0.050000
0.188711  0.650000  0.075000
0.090183  0.650000  0.100000
-0.006344  0.650000  0.125000
-0.090195  0.650000  0.150000
-0.156296  0.650000  0.175000
-0.204716  0.650000  0.200000
-0.238389  0.650000  0.225000
-0.261023  0.650000  0.250000
-0.275949  0.650000  0.275000
-0.285735  0.650000  0.300000
-0.292204  0.650000  0.325000
-0.296567  0.650000  0.350000
-0.299558  0.650000  0.375000
-0.301512  0.650000  0.400000
-0.302548  0.650000  0.425000
-0.302930  0.650000  0.450000
-0.302935  0.650000  0.475000
-0.302786  0.650000  0.500000
-0.302636  0.650000  0.525000
-0.302577  0.650000  0.550000
-0.302636  0.650000  0.575000
-0.302786  0.650000  0.600000
-0.302939  0.650000  0.625000
-0.302944  0.650000  0.650000
-0.302585  0.650000  0.675000
-0.301596  0.650000  0.700000
-0.299737  0.650000  0.725000
-0.296926  0.650000  0.750000
-0.292902  0.650000  0.775000
-0.287059  0.650000  0.800000
-0.278413  0.650000  0.825000
-0.265525  0.650000  0.850000
-0.246450  0.650000  0.875000
-0.218796  0.650000  0.900000
-0.180107  0.650000  0.925000
-0.128783  0.650000  0.950000
-0.065610  0.650000  0.975000
0.004634  0.650000  1.000000
0.072789  0.650000  1.025000
0.127230  0.650000  1.050000
0.157481  0.650000  1.075000

0.405289  0.675000  0.000000
0.373315  0.675000  0.025000
0.311608  0.675000  0.050000
0.225986  0.675000  0.075000
0.126711  0.675000  0.100000
0.026723  0.675000  0.125000
-0.062556  0.675000  0.150000
-0.134707  0.675000  0.175000
-0.188683  0.675000  0.200000
-0.226874  0.675000  0.225000
-0.252905  0.675000  0.250000
-0.270259  0.675000  0.275000
-0.281720  0.675000  0.300000
-0.289316  0.675000  0.325000
-0.294425  0.675000  0.350000
-0.297935  0.675000  0.375000
-0.300340  0.675000  0.400000
-0.301809  0.675000  0.425000
-0.302563  0.675000  0.450000
-0.302865  0.675000  0.475000
-0.302924  0.675000  0.500000
-0.302894  0.675000  0.525000
-0.302874  0.675000  0.550000
-0.302895  0.675000  0.575000
-0.302926  0.675000  0.600000
-0.302874  0.675000  0.625000
-0.302585  0.675000  0.650000
-0.301859  0.675000  0.675000
-0.300447  0.675000  0.700000
-0.298151  0.675000  0.725000
-0.294849  0.675000  0.750000
-0.290121  0.675000  0.775000
-0.283223  0.675000  0.800000
-0.273013  0.675000  0.825000
-0.257867  0.675000  0.850000
-0.235633  0.675000  0.875000
-0.203746  0.675000  0.900000
-0.159729  0.675000  0.925000
-0.102277  0.675000  0.950000
-0.032895  0.675000  0.975000
0.042650  0.675000  1.000000
0.114430  0.675000  1.025000
0.170745  0.675000  1.050000
0.201660  0.675000  1.075000

0.441075  0.700000  0.000000
0.411185  0.700000  0.025000
0.352760  0.700000  0.050000
0.269953  0.700000  0.075000
0.171166  0.700000  0.100000
0.068323  0.700000  0.125000
-0.026674  0.700000  0.150000
-0.105895  0.700000  0.175000
-0.166787  0.700000  0.200000
-0.210848  0.700000  0.225000
-0.241430  0.700000  0.250000
-0.262113  0.700000  0.275000
-0.275916  0.700000  0.300000
-0.285112  0.700000  0.325000
-0.291292  0.700000  0.350000
-0.295512  0.700000  0.375000
-0.298426  0.700000  0.400000
-0.300379  0.700000  0.425000
-0.301563  0.700000  0.450000
-0.302228  0.700000  0.475000
-0.302543  0.700000  0.500000
-0.302663  0.700000  0.525000
-0.302691  0.700000  0.550000
-0.302665  0.700000  0.575000
-0.302549  0.700000  0.600000
-0.302243  0.700000  0.625000
-0.301596  0.700000  0.650000
-0.300449  0.700000  0.675000
-0.298565  0.700000  0.700000
-0.295782  0.700000  0.725000
-0.291803  0.700000  0.750000
-0.286064  0.700000  0.775000
-0.277658  0.700000  0.800000
-0.265251  0.700000  0.825000
-0.246990  0.700000  0.850000
-0.220489  0.700000  0.875000
-0.183040  0.700000  0.900000
-0.132274  0.700000  0.925000
-0.067444  0.700000  0.950000
0.008893  0.700000  0.975000
0.089773  0.700000  1.000000
0.164609  0.700000  1.025000
0.222033  0.700000  1.050000
0.253096  0.700000  1.075000

0.478919  0.725000  0.000000
0.451621  0.725000  0.025000
0.397548  0.725000  0.050000
0.319167  0.725000  0.075000
0.222706  0.725000  0.100000
0.118455  0.725000  0.125000
0.018244  0.725000  0.150000
-0.068576  0.725000  0.175000
-0.137595  0.725000  0.200000
-0.188966  0.725000  0.225000
-0.225456  0.725000  0.250000
-0.250593  0.725000  0.275000
-0.267610  0.725000  0.300000
-0.279050  0.725000  0.325000
-0.286760  0.725000  0.350000
-0.292002  0.725000  0.375000
-0.295600  0.725000  0.400000
-0.298059  0.725000  0.425000
-0.299691  0.725000  0.450000
-0.300752  0.725000  0.475000
-0.301348  0.725000  0.500000
-0.301632  0.725000  0.525000
-0.301716  0.725000  0.550000
-0.301637  0.725000  0.575000
-0.301359  0.725000  0.600000
-0.300776  0.725000  0.625000
-0.299740  0.725000  0.650000
-0.298156  0.725000  0.675000
-0.295784  0.725000  0.700000
-0.292346  0.725000  0.725000
-0.287392  0.725000  0.750000
-0.280198  0.725000  0.775000
-0.269667  0.725000  0.800000
-0.254229  0.725000  0.825000
-0.231768  0.725000  0.850000
-0.199676  0.725000  0.875000
-0.155201  0.725000  0.900000
-0.096330  0.725000  0.925000
-0.023252  0.725000  0.950000
0.060073  0.725000  0.975000
0.145426  0.725000  1.000000
0.221930  0.725000  1.025000
0.279138  0.725000  1.050000
0.309572  0.725000  1.075000

0.517137  0.750000  0.000000
0.492828  0.750000  0.025000
0.444051  0.750000  0.050000
0.371742  0.750000  0.075000
0.279852  0.750000  0.100000
0.176470  0.750000  0.125000
0.072558  0.750000  0.150000
-0.021568  0.750000  0.175000
-0.099499  0.750000  0.200000
-0.159560  0.750000  0.225000
-0.203467  0.750000  0.250000
-0.234428  0.750000  0.275000
-0.255777  0.750000  0.300000
-0.270328  0.750000  0.325000
-0.280215  0.750000  0.350000
-0.286951  0.750000  0.375000
-0.291562  0.750000  0.400000
-0.294719  0.750000  0.425000
-0.296860  0.750000  0.450000
-0.298280  0.750000  0.475000
-0.299142  0.750000  0.500000
-0.299593  0.750000  0.525000
-0.299734  0.750000  0.550000
-0.299601  0.750000  0.575000
-0.299161  0.750000  0.600000
-0.298318  0.750000  0.625000
-0.296932  0.750000  0.650000
-0.294853  0.750000  0.675000
-0.291807  0.750000  0.700000
-0.287394  0.750000  0.725000
-0.281009  0.750000  0.750000
-0.271735  0.750000  0.775000
-0.258243  0.750000  0.800000
-0.238690  0.750000  0.825000
-0.210695  0.750000  0.850000
-0.171500  0.750000  0.875000
-0.118534  0.750000  0.900000
-0.050524  0.750000  0.925000
0.030948  0.750000  0.950000
0.120272  0.750000  0.975000
0.208207  0.750000  1.000000
0.284240  0.750000  1.025000
0.339510  0.750000  1.050000
0.368395  0.750000  1.075000

0.554247  0.775000  0.000000
0.533155  0.775000  0.025000
0.490329  0.775000  0.050000
0.425490  0.775000  0.075000
0.340480  0.775000  0.100000
0.240855  0.775000  0.125000
0.135835  0.775000  0.150000
0.035844  0.775000  0.175000
-0.050964  0.775000  0.200000
-0.120733  0.775000  0.225000
-0.173570  0.775000  0.250000
-0.211922  0.775000  0.275000
-0.238992  0.775000  0.300000
-0.257786  0.775000  0.325000
-0.270729  0.775000  0.350000
-0.279624  0.775000  0.375000
-0.285740  0.775000  0.400000
-0.289940  0.775000  0.425000
-0.292804  0.775000  0.450000
-0.294713  0.775000  0.475000
-0.295910  0.775000  0.500000
-0.296561  0.775000  0.525000
-0.296770  0.775000  0.550000
-0.296574  0.775000  0.575000
-0.295940  0.775000  0.600000
-0.294771  0.775000  0.625000
-0.292909  0.775000  0.650000
-0.290128  0.775000  0.675000
-0.286070  0.775000  0.700000
-0.280203  0.775000  0.725000
-0.271738  0.775000  0.750000
-0.259530  0.775000  0.775000
-0.241977  0.775000  0.800000
-0.216952  0.775000  0.825000
-0.181865  0.775000  0.850000
-0.134006  0.775000  0.875000
-0.071353  0.775000  0.900000
0.006111  0.775000  0.925000
0.095004  0.775000  0.950000
0.188116  0.775000  0.975000
0.275811  0.775000  1.000000
0.348781  0.775000  1.025000
0.400305  0.775000  1.050000
0.426756  0.775000  1.075000

0.589091  0.800000  0.000000
0.571243  0.800000  0.025000
0.534635  0.800000  0.050000
0.478177  0.800000  0.075000
0.402010  0.800000  0.100000
0.309186  0.800000  0.125000
0.206514  0.800000  0.150000
0.103421  0.800000  0.175000
0.009028  0.800000  0.200000
-0.070647  0.800000  0.225000
-0.133605  0.800000  0.250000
-0.180954  0.800000  0.275000
-0.215357  0.800000  0.300000
-0.239806  0.800000  0.325000
-0.256959  0.800000  0.350000
-0.268915  0.800000  0.375000
-0.277222  0.800000  0.400000
-0.282972  0.800000  0.425000
-0.286919  0.800000  0.450000
-0.289567  0.800000  0.475000
-0.291250  0.800000  0.500000
-0.292181  0.800000  0.525000
-0.292484  0.800000  0.550000
-0.292201  0.800000  0.575000
-0.291297  0.800000  0.600000
-0.289654  0.800000  0.625000
-0.287070  0.800000  0.650000
-0.283233  0.800000  0.675000
-0.277668  0.800000  0.700000
-0.269676  0.800000  0.725000
-0.258250  0.800000  0.750000
-0.241981  0.800000  0.775000
-0.218981  0.800000  0.800000
-0.186887  0.800000  0.825000
-0.143074  0.800000  0.850000
-0.085232  0.800000  0.875000
-0.012418  0.800000  0.900000
0.073614  0.800000  0.925000
0.167552  0.800000  0.950000
0.261111  0.800000  0.975000
0.345223  0.800000  1.000000
0.412567  0.800000  1.025000
0.458806  0.800000  1.050000
0.482150  0.800000  1.075000

0.620891  0.825000  0.000000
0.606125  0.825000  0.025000
0.575599  0.825000  0.050000
0.527808  0.825000  0.075000
0.461745  0.825000  0.100000
0.378353  0.825000  0.125000
0.281797  0.825000  0.150000
0.179506  0.825000  0.175000
0.080368  0.825000  0.200000
-0.008056  0.825000  0.225000
-0.081491  0.825000  0.250000
-0.139125  0.825000  0.275000
-0.182512  0.825000  0.300000
-0.214252  0.825000  0.325000
-0.237050  0.825000  0.350000
-0.253243  0.825000  0.375000
-0.264664  0.825000  0.400000
-0.272667  0.825000  0.425000
-0.278214  0.825000  0.450000
-0.281968  0.825000  0.475000
-0.284374  0.825000  0.500000
-0.285718  0.825000  0.525000
-0.286158  0.825000  0.550000
-0.285749  0.825000  0.575000
-0.284444  0.825000  0.600000
-0.282094  0.825000  0.625000
-0.278430  0.825000  0.650000
-0.273029  0.825000  0.675000
-0.265268  0.825000  0.700000
-0.254244  0.825000  0.725000
-0.238704  0.825000  0.750000
-0.216963  0.825000  0.775000
-0.186893  0.825000  0.800000
-0.146059  0.825000  0.825000
-0.092136  0.825000  0.850000
-0.023739  0.825000  0.875000
0.058424  0.825000  0.900000
0.150559  0.825000  0.925000
0.245815  0.825000  0.950000
0.335839  0.825000  0.975000
0.413147  0.825000  1.000000
0.472850  0.825000  1.025000
0.512820  0.825000  1.050000
0.532706  0.825000  1.075000

0.649228  0.850000  0.000000
0.637237  0.850000  0.025000
0.612316  0.850000  0.050000
0.572868  0.850000  0.075000
0.517290  0.850000  0.100000
0.445045  0.850000  0.125000
0.357931  0.850000  0.150000
0.260844  0.850000  0.175000
0.161200  0.850000  0.200000
0.066924  0.850000  0.225000
-0.015884  0.850000  0.250000
-0.084201  0.850000  0.275000
-0.137867  0.850000  0.300000
-0.178541  0.850000  0.325000
-0.208613  0.850000  0.350000
-0.230482  0.850000  0.375000
-0.246205  0.850000  0.400000
-0.257393  0.850000  0.425000
-0.265244  0.850000  0.450000
-0.270614  0.850000  0.475000
-0.274085  0.850000  0.500000
-0.276036  0.850000  0.525000
-0.276677  0.850000  0.550000
-0.276082  0.850000  0.575000
-0.274188  0.850000  0.600000
-0.270797  0.850000  0.625000
-0.265550  0.850000  0.650000
-0.257893  0.850000  0.675000
-0.247016  0.850000  0.700000
-0.231793  0.850000  0.725000
-0.210718  0.850000  0.750000
-0.181885  0.850000  0.775000
-0.143089  0.850000  0.800000
-0.092145  0.850000  0.825000
-0.027540  0.850000  0.850000
0.050597  0.850000  0.875000
0.139553  0.850000  0.900000
0.233766  0.850000  0.925000
0.325830  0.850000  0.950000
0.408507  0.850000  0.975000
0.476578  0.850000  1.000000
0.527516  0.850000  1.025000
0.560907  0.850000  1.050000
0.577324  0.850000  1.075000

0.673980  0.875000  0.000000
0.664371  0.875000  0.025000
0.644345  0.875000  0.050000
0.612435  0.875000  0.075000
0.566883  0.875000  0.100000
0.506341  0.875000  0.125000
0.430872  0.875000  0.150000
0.342933  0.875000  0.175000
0.247679  0.875000  0.200000
0.152049  0.875000  0.225000
0.062873  0.875000  0.250000
-0.014946  0.875000  0.275000
-0.079194  0.875000  0.300000
-0.129995  0.875000  0.325000
-0.168900  0.875000  0.350000
-0.198019  0.875000  0.375000
-0.219449  0.875000  0.400000
-0.234988  0.875000  0.425000
-0.246059  0.875000  0.450000
-0.253720  0.875000  0.475000
-0.258718  0.875000  0.500000
-0.261544  0.875000  0.525000
-0.262477  0.875000  0.550000
-0.261612  0.875000  0.575000
-0.258868  0.875000  0.600000
-0.253982  0.875000  0.625000
-0.246487  0.875000  0.650000
-0.235670  0.875000  0.675000
-0.220527  0.875000  0.700000
-0.199713  0.875000  0.725000
-0.171535  0.875000  0.750000
-0.134037  0.875000  0.775000
-0.085257  0.875000  0.800000
-0.023756  0.875000  0.825000
0.050589  0.875000  0.850000
0.135757  0.875000  0.875000
0.227224  0.875000  0.900000
0.318586  0.875000  0.925000
0.403149  0.875000  0.950000
0.475666  0.875000  0.975000
0.533271  0.875000  1.000000
0.575297  0.875000  1.025000
0.602405  0.875000  1.050000
0.615617  0.875000  1.075000

0.695228  0.900000  0.000000
0.687578  0.900000  0.025000
0.671632  0.900000  0.050000
0.646163  0.900000  0.075000
0.609549  0.900000  0.100000
0.560174  0.900000  0.125000
0.497100  0.900000  0.150000
0.420921  0.900000  0.175000
0.334451  0.900000  0.200000
0.242701  0.900000  0.225000
0.151871  0.900000  0.250000
0.067742  0.900000  0.275000
-0.005685  0.900000  0.300000
-0.066670  0.900000  0.325000
-0.115372  0.900000  0.350000
-0.153115  0.900000  0.375000
-0.181689  0.900000  0.400000
-0.202887  0.900000  0.425000
-0.218263  0.900000  0.450000
-0.229052  0.900000  0.475000
-0.236162  0.900000  0.500000
-0.240209  0.900000  0.525000
-0.241550  0.900000  0.550000
-0.240306  0.900000  0.575000
-0.236374  0.900000  0.600000
-0.229417  0.900000  0.625000
-0.218849  0.900000  0.650000
-0.203799  0.900000  0.675000
-0.183093  0.900000  0.700000
-0.155252  0.900000  0.725000
-0.118581  0.900000  0.750000
-0.071395  0.900000  0.775000
-0.012453  0.900000  0.800000
0.058398  0.900000  0.825000
0.139535  0.900000  0.850000
0.227215  0.900000  0.875000
0.315969  0.900000  0.900000
0.399822  0.900000  0.925000
0.473779  0.900000  0.950000
0.534815  0.900000  0.975000
0.581968  0.900000  1.000000
0.615741  0.900000  1.025000
0.637290  0.900000  1.050000
0.647735  0.900000  1.075000

0.713169  0.925000  0.000000
0.707071  0.925000  0.025000
0.694386  0.925000  0.050000
0.674159  0.925000  0.075000
0.645047  0.925000  0.100000
0.605515  0.925000  0.125000
0.554238  0.925000  0.150000
0.490695  0.925000  0.175000
0.415850  0.925000  0.200000
0.332580  0.925000  0.225000
0.245476  0.925000  0.250000
0.159911  0.925000  0.275000
0.080746  0.925000  0.300000
0.011330  0.925000  0.325000
-0.046835  0.925000  0.350000
-0.093796  0.925000  0.375000
-0.130574  0.925000  0.400000
-0.158615  0.925000  0.425000
-0.179399  0.925000  0.450000
-0.194223  0.925000  0.475000
-0.204109  0.925000  0.500000
-0.209780  0.925000  0.525000
-0.211666  0.925000  0.550000
-0.209916  0.925000  0.575000
-0.204401  0.925000  0.600000
-0.194719  0.925000  0.625000
-0.180179  0.925000  0.650000
-0.159800  0.925000  0.675000
-0.132343  0.925000  0.700000
-0.096396  0.925000  0.725000
-0.050584  0.925000  0.750000
0.006057  0.925000  0.775000
0.073569  0.925000  0.800000
0.150522  0.925000  0.825000
0.233738  0.925000  0.850000
0.318568  0.925000  0.875000
0.399813  0.925000  0.900000
0.472932  0.925000  0.925000
0.534943  0.925000  0.950000
0.584665  0.925000  0.975000
0.622348  0.925000  1.000000
0.649034  0.925000  1.025000
0.665963  0.925000  1.050000
0.674149  0.925000  1.075000

0.728042  0.950000  0.000000
0.723132  0.950000  0.025000
0.712959  0.950000  0.050000
0.696820  0.950000  0.075000
0.673681  0.950000  0.100000
0.642265  0.950000  0.125000
0.601252  0.950000  0.150000
0.549644  0.950000  0.175000
0.487268  0.950000  0.200000
0.415276  0.950000  0.225000
0.336399  0.950000  0.250000
0.254676  0.950000  0.275000
0.174674  0.950000  0.300000
0.100497  0.950000  0.325000
0.035028  0.950000  0.350000
-0.020320  0.950000  0.375000
-0.065397  0.950000  0.400000
-0.100889  0.950000  0.425000
-0.127874  0.950000  0.450000
-0.147500  0.950000  0.475000
-0.160773  0.950000  0.500000
-0.168457  0.950000  0.525000
-0.171023  0.950000  0.550000
-0.168639  0.950000  0.575000
-0.161162  0.950000  0.600000
-0.148150  0.950000  0.625000
-0.128874  0.950000  0.650000
-0.102366  0.950000  0.675000
-0.067529  0.950000  0.700000
-0.023332  0.950000  0.725000
0.030875  0.950000  0.750000
0.094939  0.950000  0.775000
0.167496  0.950000  0.800000
0.245768  0.950000  0.825000
0.325792  0.950000  0.850000
0.403121  0.950000  0.875000
0.473762  0.950000  0.900000
0.534935  0.950000  0.925000
0.585357  0.950000  0.950000
0.625031  0.950000  0.975000
0.654779  0.950000  1.000000
0.675747  0.950000  1.025000
0.689034  0.950000  1.050000
0.695461  0.950000  1.075000

0.740082  0.975000  0.000000
0.736052  0.975000  0.025000
0.727746  0.975000  0.050000
0.714668  0.975000  0.075000
0.696067  0.975000  0.100000
0.670963  0.975000  0.125000
0.638233  0.975000  0.150000
0.596813  0.975000  0.175000
0.546005  0.975000  0.200000
0.485884  0.975000  0.225000
0.417662  0.975000  0.250000
0.343814  0.975000  0.275000
0.267821  0.975000  0.300000
0.193554  0.975000  0.325000
0.124516  0.975000  0.350000
0.063271  0.975000  0.375000
0.011223  0.975000  0.400000
-0.031254  0.975000  0.425000
-0.064501  0.975000  0.450000
-0.089226  0.975000  0.475000
-0.106220  0.975000  0.500000
-0.116161  0.975000  0.525000
-0.119498  0.975000  0.550000
-0.116394  0.975000  0.575000
-0.106714  0.975000  0.600000
-0.090037  0.975000  0.625000
-0.065718  0.975000  0.650000
-0.033001  0.975000  0.675000
0.008792  0.975000  0.700000
0.059978  0.975000  0.725000
0.120184  0.975000  0.750000
0.188037  0.975000  0.775000
0.261041  0.975000  0.800000
0.335780  0.975000  0.825000
0.408460  0.975000  0.850000
0.475631  0.975000  0.875000
0.534792  0.975000  0.900000
0.584652  0.975000  0.925000
0.625025  0.975000  0.950000
0.656493  0.975000  0.975000
0.680016  0.975000  1.000000
0.696613  0.975000  1.025000
0.707159  0.975000  1.050000
0.712273  0.975000  1.075000

0.749488  1.000000  0.000000
0.746085  1.000000  0.025000
0.739115  1.000000  0.050000
0.728237  1.000000  0.075000
0.712924  1.000000  0.100000
0.692463  1.000000  0.125000
0.665978  1.000000  0.150000
0.632531  1.000000  0.175000
0.591292  1.000000  0.200000
0.541812  1.000000  0.225000
0.484341  1.000000  0.250000
0.420082  1.000000  0.275000
0.351264  1.000000  0.300000
0.280913  1.000000  0.325000
0.212370  1.000000  0.350000
0.148706  1.000000  0.375000
0.092266  1.000000  0.400000
0.044475  1.000000  0.425000
0.005909  1.000000  0.450000
-0.023466  1.000000  0.475000
-0.044012  1.000000  0.500000
-0.056168  1.000000  0.525000
-0.060270  1.000000  0.550000
-0.056451  1.000000  0.575000
-0.044605  1.000000  0.600000
-0.024422  1.000000  0.625000
0.004508  1.000000  0.650000
0.042526  1.000000  0.675000
0.089652  1.000000  0.700000
0.145312  1.000000  0.725000
0.208100  1.000000  0.750000
0.275716  1.000000  0.775000
0.345140  1.000000  0.800000
0.413079  1.000000  0.825000
0.476525  1.000000  0.850000
0.533232  1.000000  0.875000
0.581941  1.000000  0.900000
0.622331  1.000000  0.925000
0.654770  1.000000  0.950000
0.680012  1.000000  0.975000
0.698937  1.000000  1.000000
0.712360  1.000000  1.025000
0.720936  1.000000  1.050000
0.725112  1.000000  1.075000

0.756416  1.025000  0.000000
0.753439  1.025000  0.025000
0.747374  1.025000  0.050000
0.737992  1.025000  0.075000
0.724926  1.025000  0.100000
0.707665  1.025000  0.125000
0.685553  1.025000  0.150000
0.657824  1.025000  0.175000
0.623698  1.025000  0.200000
0.582547  1.025000  0.225000
0.534126  1.025000  0.250000
0.478831  1.025000  0.275000
0.417896  1.025000  0.300000
0.353418  1.025000  0.325000
0.288159  1.025000  0.350000
0.225135  1.025000  0.375000
0.167135  1.025000  0.400000
0.116342  1.025000  0.425000
0.074165  1.025000  0.450000
0.041298  1.025000  0.475000
0.017918  1.025000  0.500000
0.003931  1.025000  0.525000
-0.000815  1.025000  0.550000
0.003607  1.025000  0.575000
0.017247  1.025000  0.600000
0.040234  1.025000  0.625000
0.072642  1.025000  0.650000
0.114284  1.025000  0.675000
0.164466  1.025000  0.700000
0.221794  1.025000  0.725000
0.284114  1.025000  0.750000
0.348670  1.025000  0.775000
0.412474  1.025000  0.800000
0.472775  1.025000  0.825000
0.527459  1.025000  0.850000
0.575256  1.025000  0.875000
0.615713  1.025000  0.900000
0.649016  1.025000  0.925000
0.675737  1.025000  0.950000
0.696607  1.025000  0.975000
0.712357  1.025000  1.000000
0.723613  1.025000  1.025000
0.730853  1.025000  1.050000
0.734394  1.025000  1.075000

0.760976  1.050000  0.000000
0.758262  1.050000  0.025000
0.752755  1.050000  0.050000
0.744293  1.050000  0.075000
0.732615  1.050000  0.100000
0.717342  1.050000  0.125000
0.697968  1.050000  0.150000
0.673873  1.050000  0.175000
0.644368  1.050000  0.200000
0.608800  1.050000  0.225000
0.566720  1.050000  0.250000
0.518102  1.050000  0.275000
0.463566  1.050000  0.300000
0.404523  1.050000  0.325000
0.343159  1.050000  0.350000
0.282200  1.050000  0.375000
0.224511  1.050000  0.400000
0.172669  1.050000  0.425000
0.128646  1.050000  0.450000
0.093710  1.050000  0.475000
0.068517  1.050000  0.500000
0.053309  1.050000  0.525000
0.048127  1.050000  0.550000
0.052960  1.050000  0.575000
0.067798  1.050000  0.600000
0.092583  1.050000  0.625000
0.127062  1.050000  0.650000
0.170577  1.050000  0.675000
0.221868  1.050000  0.700000
0.278982  1.050000  0.725000
0.339370  1.050000  0.750000
0.400184  1.050000  0.775000
0.458707  1.050000  0.800000
0.512743  1.050000  0.825000
0.560849  1.050000  0.850000
0.602363  1.050000  0.875000
0.637262  1.050000  0.900000
0.665945  1.050000  0.925000
0.689022  1.050000  0.950000
0.707152  1.050000  0.975000
0.720933  1.050000  1.000000
0.730851  1.050000  1.025000
0.737270  1.050000  1.050000
0.740421  1.050000  1.075000

0.763240  1.075000  0.000000
0.760650  1.075000  0.025000
0.755408  1.075000  0.050000
0.747384  1.075000  0.075000
0.736366  1.075000  0.100000
0.722040  1.075000  0.125000
0.703978  1.075000  0.150000
0.681636  1.075000  0.175000
0.654387  1.075000  0.200000
0.621590  1.075000  0.225000
0.582734  1.075000  0.250000
0.537623  1.075000  0.275000
0.486600  1.075000  0.300000
0.430732  1.075000  0.325000
0.371874  1.075000  0.350000
0.312530  1.075000  0.375000
0.255524  1.075000  0.400000
0.203570  1.075000  0.425000
0.158903  1.075000  0.450000
0.123094  1.075000  0.475000
0.097073  1.075000  0.500000
0.081286  1.075000  0.525000
0.075893  1.075000  0.550000
0.080924  1.075000  0.575000
0.096332  1.075000  0.600000
0.121941  1.075000  0.625000
0.157299  1.075000  0.650000
0.201477  1.075000  0.675000
0.252918  1.075000  0.700000
0.309405  1.075000  0.725000
0.368245  1.075000  0.750000
0.426629  1.075000  0.775000
0.482048  1.075000  0.800000
0.532628  1.075000  0.825000
0.577266  1.075000  0.850000
0.615576  1.075000  0.875000
0.647707  1.075000  0.900000
0.674131  1.075000  0.925000
0.695449  1.075000  0.950000
0.712266  1.075000  0.975000
0.725108  1.075000  1.000000
0.734392  1.075000  1.025000
0.740421  1.075000  1.050000
0.743388  1.075000  1.075000

