0.050625 
0.000056  0.000000  0.000000
0.000133  0.000000  0.075000
0.000348  0.000000  0.150000
0.000822  0.000000  0.225000
0.001677  0.000000  0.300000
0.002881  0.000000  0.375000
0.004043  0.000000  0.450000
0.004538  0.000000  0.525000
0.004043  0.000000  0.600000
0.002881  0.000000  0.675000
0.001678  0.000000  0.750000
0.000825  0.000000  0.825000
0.000360  0.000000  0.900000
0.000172  0.000000  0.975000

0.000132  0.075000  0.000000
0.000321  0.075000  0.075000
0.000865  0.075000  0.150000
0.002111  0.075000  0.225000
0.004475  0.075000  0.300000
0.007976  0.075000  0.375000
0.011495  0.075000  0.450000
0.013022  0.075000  0.525000
0.011495  0.075000  0.600000
0.007977  0.075000  0.675000
0.004477  0.075000  0.750000
0.002118  0.075000  0.825000
0.000893  0.075000  0.900000
0.000414  0.075000  0.975000

0.000344  0.150000  0.000000
0.000860  0.150000  0.075000
0.002400  0.150000  0.150000
0.006107  0.150000  0.225000
0.013602  0.150000  0.300000
0.025435  0.150000  0.375000
0.037874  0.150000  0.450000
0.043377  0.150000  0.525000
0.037875  0.150000  0.600000
0.025436  0.150000  0.675000
0.013607  0.150000  0.750000
0.006127  0.150000  0.825000
0.002473  0.150000  0.900000
0.001107  0.150000  0.975000

0.000809  0.225000  0.000000
0.002087  0.225000  0.075000
0.006071  0.225000  0.150000
0.016300  0.225000  0.225000
0.038668  0.225000  0.300000
0.076716  0.225000  0.375000
0.118256  0.225000  0.450000
0.136764  0.225000  0.525000
0.118257  0.225000  0.600000
0.076720  0.225000  0.675000
0.038681  0.225000  0.750000
0.016347  0.225000  0.825000
0.006242  0.225000  0.900000
0.002674  0.225000  0.975000

0.001642  0.300000  0.000000
0.004400  0.300000  0.075000
0.013435  0.300000  0.150000
0.038413  0.300000  0.225000
0.097911  0.300000  0.300000
0.205357  0.300000  0.375000
0.320137  0.300000  0.450000
0.368697  0.300000  0.525000
0.320139  0.300000  0.600000
0.205365  0.300000  0.675000
0.097940  0.300000  0.750000
0.038512  0.300000  0.825000
0.013784  0.300000  0.900000
0.005608  0.300000  0.975000

0.002807  0.375000  0.000000
0.007801  0.375000  0.075000
0.024980  0.375000  0.150000
0.075788  0.375000  0.225000
0.204425  0.375000  0.300000
0.430125  0.375000  0.375000
0.621456  0.375000  0.450000
0.685521  0.375000  0.525000
0.621459  0.375000  0.600000
0.430141  0.375000  0.675000
0.204480  0.375000  0.750000
0.075964  0.375000  0.825000
0.025582  0.375000  0.900000
0.009898  0.375000  0.975000

0.003928  0.450000  0.000000
0.011203  0.450000  0.075000
0.037067  0.450000  0.150000
0.116538  0.450000  0.225000
0.318392  0.450000  0.300000
0.621078  0.450000  0.375000
0.792256  0.450000  0.450000
0.837551  0.450000  0.525000
0.792260  0.450000  0.600000
0.621099  0.450000  0.675000
0.318476  0.450000  0.750000
0.116795  0.450000  0.825000
0.037918  0.450000  0.900000
0.014172  0.450000  0.975000

0.004403  0.525000  0.000000
0.012675  0.525000  0.075000
0.042402  0.525000  0.150000
0.134687  0.525000  0.225000
0.366602  0.525000  0.300000
0.684886  0.525000  0.375000
0.837042  0.525000  0.450000
0.874084  0.525000  0.525000
0.837046  0.525000  0.600000
0.684909  0.525000  0.675000
0.366698  0.525000  0.750000
0.134980  0.525000  0.825000
0.043361  0.525000  0.900000
0.016020  0.525000  0.975000

0.003928  0.600000  0.000000
0.011203  0.600000  0.075000
0.037067  0.600000  0.150000
0.116539  0.600000  0.225000
0.318395  0.600000  0.300000
0.621082  0.600000  0.375000
0.792260  0.600000  0.450000
0.837555  0.600000  0.525000
0.792264  0.600000  0.600000
0.621103  0.600000  0.675000
0.318478  0.600000  0.750000
0.116796  0.600000  0.825000
0.037918  0.600000  0.900000
0.014173  0.600000  0.975000

0.002807  0.675000  0.000000
0.007801  0.675000  0.075000
0.024981  0.675000  0.150000
0.075792  0.675000  0.225000
0.204434  0.675000  0.300000
0.430142  0.675000  0.375000
0.621478  0.675000  0.450000
0.685545  0.675000  0.525000
0.621482  0.675000  0.600000
0.430158  0.675000  0.675000
0.204489  0.675000  0.750000
0.075968  0.675000  0.825000
0.025583  0.675000  0.900000
0.009898  0.675000  0.975000

0.001643  0.750000  0.000000
0.004402  0.750000  0.075000
0.013440  0.750000  0.150000
0.038426  0.750000  0.225000
0.097940  0.750000  0.300000
0.205413  0.750000  0.375000
0.320222  0.750000  0.450000
0.368794  0.750000  0.525000
0.320224  0.750000  0.600000
0.205422  0.750000  0.675000
0.097969  0.750000  0.750000
0.038525  0.750000  0.825000
0.013790  0.750000  0.900000
0.005611  0.750000  0.975000

0.000812  0.825000  0.000000
0.002095  0.825000  0.075000
0.006091  0.825000  0.150000
0.016348  0.825000  0.225000
0.038769  0.825000  0.300000
0.076897  0.825000  0.375000
0.118520  0.825000  0.450000
0.137065  0.825000  0.525000
0.118521  0.825000  0.600000
0.076900  0.825000  0.675000
0.038783  0.825000  0.750000
0.016396  0.825000  0.825000
0.006264  0.825000  0.900000
0.002684  0.825000  0.975000

0.000356  0.900000  0.000000
0.000889  0.900000  0.075000
0.002474  0.900000  0.150000
0.006282  0.900000  0.225000
0.013959  0.900000  0.300000
0.026053  0.900000  0.375000
0.038751  0.900000  0.450000
0.044366  0.900000  0.525000
0.038752  0.900000  0.600000
0.026054  0.900000  0.675000
0.013964  0.900000  0.750000
0.006303  0.900000  0.825000
0.002550  0.900000  0.900000
0.001144  0.900000  0.975000

0.000171  0.975000  0.000000
0.000415  0.975000  0.075000
0.001114  0.975000  0.150000
0.002706  0.975000  0.225000
0.005707  0.975000  0.300000
0.010125  0.975000  0.375000
0.014549  0.975000  0.450000
0.016466  0.975000  0.525000
0.014549  0.975000  0.600000
0.010126  0.975000  0.675000
0.005710  0.975000  0.750000
0.002716  0.975000  0.825000
0.001151  0.975000  0.900000
0.000536  0.975000  0.975000

