0.300000 
0.739068  0.000000  0.000000
0.726191  0.000000  0.050000
0.698843  0.000000  0.100000
0.653849  0.000000  0.150000
0.587254  0.000000  0.200000
0.497234  0.000000  0.250000
0.389021  0.000000  0.300000
0.277677  0.000000  0.350000
0.183236  0.000000  0.400000
0.121297  0.000000  0.450000
0.099005  0.000000  0.500000
0.117807  0.000000  0.550000
0.175833  0.000000  0.600000
0.265920  0.000000  0.650000
0.372939  0.000000  0.700000
0.477272  0.000000  0.750000
0.563575  0.000000  0.800000
0.625687  0.000000  0.850000
0.664373  0.000000  0.900000
0.682652  0.000000  0.950000

0.726217  0.050000  0.000000
0.709989  0.050000  0.050000
0.674740  0.050000  0.100000
0.615435  0.050000  0.150000
0.527375  0.050000  0.200000
0.412019  0.050000  0.250000
0.282603  0.050000  0.300000
0.161376  0.050000  0.350000
0.067887  0.050000  0.400000
0.010945  0.050000  0.450000
-0.008756  0.050000  0.500000
0.007790  0.050000  0.550000
0.060771  0.050000  0.600000
0.149015  0.050000  0.650000
0.264006  0.050000  0.700000
0.387205  0.050000  0.750000
0.497043  0.050000  0.800000
0.579664  0.050000  0.850000
0.631965  0.050000  0.900000
0.656695  0.050000  0.950000

0.698936  0.100000  0.000000
0.674813  0.100000  0.050000
0.621343  0.100000  0.100000
0.530915  0.100000  0.150000
0.401834  0.100000  0.200000
0.249204  0.100000  0.250000
0.103111  0.100000  0.300000
-0.011089  0.100000  0.350000
-0.086144  0.100000  0.400000
-0.127035  0.100000  0.450000
-0.140419  0.100000  0.500000
-0.129259  0.100000  0.550000
-0.091643  0.100000  0.600000
-0.022123  0.100000  0.650000
0.083328  0.100000  0.700000
0.218066  0.100000  0.750000
0.359283  0.100000  0.800000
0.478590  0.100000  0.850000
0.559083  0.100000  0.900000
0.598115  0.100000  0.950000

0.654086  0.150000  0.000000
0.615659  0.150000  0.050000
0.531063  0.150000  0.100000
0.394753  0.150000  0.150000
0.222465  0.150000  0.200000
0.055313  0.150000  0.250000
-0.071600  0.150000  0.300000
-0.152368  0.150000  0.350000
-0.198128  0.150000  0.400000
-0.220884  0.150000  0.450000
-0.228021  0.150000  0.500000
-0.222115  0.150000  0.550000
-0.201429  0.150000  0.600000
-0.159936  0.150000  0.650000
-0.087904  0.150000  0.700000
0.023358  0.150000  0.750000
0.168696  0.150000  0.800000
0.318620  0.150000  0.850000
0.434771  0.150000  0.900000
0.495300  0.150000  0.950000

0.587754  0.200000  0.000000
0.527843  0.200000  0.050000
0.402160  0.200000  0.100000
0.222603  0.200000  0.150000
0.038134  0.200000  0.200000
-0.101382  0.200000  0.250000
-0.186643  0.200000  0.300000
-0.233134  0.200000  0.350000
-0.256946  0.200000  0.400000
-0.268062  0.200000  0.450000
-0.271436  0.200000  0.500000
-0.268659  0.200000  0.550000
-0.258669  0.200000  0.600000
-0.237532  0.200000  0.650000
-0.197561  0.200000  0.700000
-0.127151  0.200000  0.750000
-0.016312  0.200000  0.800000
0.126465  0.200000  0.850000
0.261422  0.200000  0.900000
0.341138  0.200000  0.950000

0.498118  0.250000  0.000000
0.412763  0.250000  0.050000
0.249666  0.250000  0.100000
0.055579  0.250000  0.150000
-0.101233  0.250000  0.200000
-0.196870  0.250000  0.250000
-0.247088  0.250000  0.300000
-0.271891  0.250000  0.350000
-0.283776  0.250000  0.400000
-0.289015  0.250000  0.450000
-0.290540  0.250000  0.500000
-0.289285  0.250000  0.550000
-0.284625  0.250000  0.600000
-0.274302  0.250000  0.650000
-0.253800  0.250000  0.700000
-0.214982  0.250000  0.750000
-0.146691  0.250000  0.800000
-0.043585  0.250000  0.850000
0.073599  0.250000  0.900000
0.153679  0.250000  0.950000

0.390310  0.300000  0.000000
0.283554  0.300000  0.050000
0.103684  0.300000  0.100000
-0.071162  0.300000  0.150000
-0.186351  0.300000  0.200000
-0.246978  0.300000  0.250000
-0.275969  0.300000  0.300000
-0.289553  0.300000  0.350000
-0.295854  0.300000  0.400000
-0.298360  0.300000  0.450000
-0.299009  0.300000  0.500000
-0.298473  0.300000  0.550000
-0.296262  0.300000  0.600000
-0.290878  0.300000  0.650000
-0.280088  0.300000  0.700000
-0.259272  0.300000  0.750000
-0.220899  0.300000  0.800000
-0.158264  0.300000  0.850000
-0.078923  0.300000  0.900000
-0.018604  0.300000  0.950000

0.279215  0.350000  0.000000
0.162414  0.350000  0.050000
-0.010383  0.350000  0.100000
-0.151770  0.350000  0.150000
-0.232771  0.350000  0.200000
-0.271735  0.350000  0.250000
-0.289502  0.350000  0.300000
-0.297858  0.350000  0.350000
-0.301676  0.350000  0.400000
-0.302761  0.350000  0.450000
-0.302918  0.350000  0.500000
-0.302800  0.350000  0.550000
-0.301868  0.350000  0.600000
-0.298615  0.350000  0.650000
-0.292150  0.350000  0.700000
-0.280312  0.350000  0.750000
-0.258667  0.350000  0.800000
-0.222674  0.350000  0.850000
-0.175351  0.350000  0.900000
-0.137678  0.350000  0.950000

0.184784  0.400000  0.000000
0.068924  0.400000  0.050000
-0.085309  0.400000  0.100000
-0.197448  0.400000  0.150000
-0.256569  0.400000  0.200000
-0.283608  0.400000  0.250000
-0.295764  0.400000  0.300000
-0.301656  0.400000  0.350000
-0.303449  0.400000  0.400000
-0.303406  0.400000  0.450000
-0.303208  0.400000  0.500000
-0.303410  0.400000  0.550000
-0.303537  0.400000  0.600000
-0.302122  0.400000  0.650000
-0.297611  0.400000  0.700000
-0.290003  0.400000  0.750000
-0.276763  0.400000  0.800000
-0.255108  0.400000  0.850000
-0.226742  0.400000  0.900000
-0.204039  0.400000  0.950000

0.122732  0.450000  0.000000
0.011953  0.450000  0.050000
-0.126119  0.450000  0.100000
-0.220180  0.450000  0.150000
-0.267693  0.450000  0.200000
-0.288848  0.450000  0.250000
-0.298265  0.450000  0.300000
-0.302753  0.450000  0.350000
-0.303402  0.450000  0.400000
-0.302727  0.450000  0.450000
-0.302336  0.450000  0.500000
-0.302717  0.450000  0.550000
-0.303441  0.450000  0.600000
-0.303081  0.450000  0.650000
-0.299715  0.450000  0.700000
-0.294108  0.450000  0.750000
-0.284726  0.450000  0.800000
-0.269745  0.450000  0.850000
-0.250447  0.450000  0.900000
-0.235156  0.450000  0.950000

0.100370  0.500000  0.000000
-0.007765  0.500000  0.050000
-0.139479  0.500000  0.100000
-0.227315  0.500000  0.150000
-0.271072  0.500000  0.200000
-0.290375  0.500000  0.250000
-0.298912  0.500000  0.300000
-0.302910  0.500000  0.350000
-0.303203  0.500000  0.400000
-0.302335  0.500000  0.450000
-0.301885  0.500000  0.500000
-0.302320  0.500000  0.550000
-0.303228  0.500000  0.600000
-0.303196  0.500000  0.650000
-0.300236  0.500000  0.700000
-0.295264  0.500000  0.750000
-0.287049  0.500000  0.800000
-0.274072  0.500000  0.850000
-0.257501  0.500000  0.900000
-0.244451  0.500000  0.950000

0.119218  0.550000  0.000000
0.008783  0.550000  0.050000
-0.128347  0.550000  0.100000
-0.221414  0.550000  0.150000
-0.268291  0.550000  0.200000
-0.289118  0.550000  0.250000
-0.298377  0.550000  0.300000
-0.302791  0.550000  0.350000
-0.303406  0.550000  0.400000
-0.302716  0.550000  0.450000
-0.302321  0.550000  0.500000
-0.302705  0.550000  0.550000
-0.303442  0.550000  0.600000
-0.303110  0.550000  0.650000
-0.299801  0.550000  0.700000
-0.294305  0.550000  0.750000
-0.285128  0.550000  0.800000
-0.270485  0.550000  0.850000
-0.251629  0.550000  0.900000
-0.236691  0.550000  0.950000

0.177341  0.600000  0.000000
0.061773  0.600000  0.050000
-0.090820  0.600000  0.100000
-0.200753  0.600000  0.150000
-0.258295  0.600000  0.200000
-0.284458  0.600000  0.250000
-0.296171  0.600000  0.300000
-0.301846  0.600000  0.350000
-0.303535  0.600000  0.400000
-0.303444  0.600000  0.450000
-0.303231  0.600000  0.500000
-0.303445  0.600000  0.550000
-0.303612  0.600000  0.600000
-0.302286  0.600000  0.650000
-0.297947  0.600000  0.700000
-0.290663  0.600000  0.750000
-0.278002  0.600000  0.800000
-0.257276  0.600000  0.850000
-0.230095  0.600000  0.900000
-0.208317  0.600000  0.950000

0.267421  0.650000  0.000000
0.149999  0.650000  0.050000
-0.021451  0.650000  0.100000
-0.159349  0.650000  0.150000
-0.237172  0.650000  0.200000
-0.274145  0.650000  0.250000
-0.290823  0.650000  0.300000
-0.298609  0.650000  0.350000
-0.302136  0.650000  0.400000
-0.303084  0.650000  0.450000
-0.303198  0.650000  0.500000
-0.303113  0.650000  0.550000
-0.302301  0.650000  0.600000
-0.299298  0.650000  0.650000
-0.293299  0.650000  0.700000
-0.282297  0.650000  0.750000
-0.262074  0.650000  0.800000
-0.228235  0.650000  0.850000
-0.183473  0.650000  0.900000
-0.147650  0.650000  0.950000

0.374216  0.700000  0.000000
0.264895  0.700000  0.050000
0.083821  0.700000  0.100000
-0.087506  0.700000  0.150000
-0.197279  0.700000  0.200000
-0.253684  0.700000  0.250000
-0.280073  0.700000  0.300000
-0.292181  0.700000  0.350000
-0.297681  0.700000  0.400000
-0.299790  0.700000  0.450000
-0.300312  0.700000  0.500000
-0.299877  0.700000  0.550000
-0.298018  0.700000  0.600000
-0.293335  0.700000  0.650000
-0.283791  0.700000  0.700000
-0.265072  0.700000  0.750000
-0.229980  0.700000  0.800000
-0.171751  0.700000  0.850000
-0.096781  0.700000  0.900000
-0.039001  0.700000  0.950000

0.478171  0.750000  0.000000
0.387904  0.750000  0.050000
0.218402  0.750000  0.100000
0.023499  0.750000  0.150000
-0.127062  0.750000  0.200000
-0.214981  0.750000  0.250000
-0.259343  0.750000  0.300000
-0.280409  0.750000  0.350000
-0.290106  0.750000  0.400000
-0.294208  0.750000  0.450000
-0.295363  0.750000  0.500000
-0.294405  0.750000  0.550000
-0.290766  0.750000  0.600000
-0.282396  0.750000  0.650000
-0.265148  0.750000  0.700000
-0.231300  0.750000  0.750000
-0.169660  0.750000  0.800000
-0.073315  0.750000  0.850000
0.039944  0.750000  0.900000
0.119349  0.750000  0.950000

0.564107  0.800000  0.000000
0.497501  0.800000  0.050000
0.359487  0.800000  0.100000
0.168601  0.800000  0.150000
-0.016529  0.800000  0.200000
-0.146928  0.800000  0.250000
-0.221136  0.800000  0.300000
-0.258883  0.800000  0.350000
-0.276952  0.800000  0.400000
-0.284895  0.800000  0.450000
-0.287212  0.800000  0.500000
-0.285296  0.800000  0.550000
-0.278189  0.800000  0.600000
-0.262285  0.800000  0.650000
-0.230201  0.800000  0.700000
-0.169831  0.800000  0.750000
-0.068364  0.800000  0.800000
0.070936  0.800000  0.850000
0.209845  0.800000  0.900000
0.294623  0.800000  0.950000

0.625962  0.850000  0.000000
0.579908  0.850000  0.050000
0.478667  0.850000  0.100000
0.318352  0.850000  0.150000
0.125897  0.850000  0.200000
-0.044194  0.850000  0.250000
-0.158742  0.850000  0.300000
-0.223023  0.850000  0.350000
-0.255381  0.850000  0.400000
-0.269980  0.850000  0.450000
-0.274295  0.850000  0.500000
-0.270717  0.850000  0.550000
-0.257541  0.850000  0.600000
-0.228563  0.850000  0.650000
-0.172169  0.850000  0.700000
-0.073780  0.850000  0.750000
0.070608  0.850000  0.800000
0.234224  0.850000  0.850000
0.368542  0.850000  0.900000
0.440366  0.850000  0.950000

0.664504  0.900000  0.000000
0.632071  0.900000  0.050000
0.559060  0.900000  0.100000
0.434397  0.900000  0.150000
0.260549  0.900000  0.200000
0.072528  0.900000  0.250000
-0.079684  0.900000  0.300000
-0.175743  0.900000  0.350000
-0.226971  0.900000  0.400000
-0.250634  0.900000  0.450000
-0.257681  0.900000  0.500000
-0.251812  0.900000  0.550000
-0.230309  0.900000  0.600000
-0.183812  0.900000  0.650000
-0.097415  0.900000  0.700000
0.039050  0.900000  0.750000
0.209107  0.900000  0.800000
0.368229  0.900000  0.850000
0.479926  0.900000  0.900000
0.534485  0.900000  0.950000

0.682722  0.950000  0.000000
0.656740  0.950000  0.050000
0.598045  0.950000  0.100000
0.494883  0.950000  0.150000
0.340094  0.950000  0.200000
0.152246  0.950000  0.250000
-0.019615  0.950000  0.300000
-0.138036  0.950000  0.350000
-0.204114  0.950000  0.400000
-0.235189  0.950000  0.450000
-0.244489  0.950000  0.500000
-0.236721  0.950000  0.550000
-0.208368  0.950000  0.600000
-0.147921  0.950000  0.650000
-0.039832  0.950000  0.700000
0.118076  0.950000  0.750000
0.293609  0.950000  0.800000
0.439903  0.950000  0.850000
0.534364  0.950000  0.900000
0.578518  0.950000  0.950000

