0.300000 
0.679549  0.000000  0.000000
0.675953  0.000000  0.020000
0.668621  0.000000  0.040000
0.657278  0.000000  0.060000
0.641515  0.000000  0.080000
0.620812  0.000000  0.100000
0.594566  0.000000  0.120000
0.562167  0.000000  0.140000
0.523104  0.000000  0.160000
0.477123  0.000000  0.180000
0.424413  0.000000  0.200000
0.365778  0.000000  0.220000
0.302724  0.000000  0.240000
0.237395  0.000000  0.260000
0.172324  0.000000  0.280000
0.110053  0.000000  0.300000
0.052748  0.000000  0.320000
0.001923  0.000000  0.340000
-0.041639  0.000000  0.360000
-0.077801  0.000000  0.380000
-0.106888  0.000000  0.400000
-0.129479  0.000000  0.420000
-0.146233  0.000000  0.440000
-0.157760  0.000000  0.460000
-0.164543  0.000000  0.480000
-0.166889  0.000000  0.500000
-0.164915  0.000000  0.520000
-0.158538  0.000000  0.540000
-0.147482  0.000000  0.560000
-0.131300  0.000000  0.580000
-0.109419  0.000000  0.600000
-0.081213  0.000000  0.620000
-0.046128  0.000000  0.640000
-0.003846  0.000000  0.660000
0.045516  0.000000  0.680000
0.101229  0.000000  0.700000
0.161863  0.000000  0.720000
0.225350  0.000000  0.740000
0.289235  0.000000  0.760000
0.351035  0.000000  0.780000
0.408608  0.000000  0.800000
0.460402  0.000000  0.820000
0.505533  0.000000  0.840000
0.543721  0.000000  0.860000
0.575122  0.000000  0.880000
0.600158  0.000000  0.900000
0.619356  0.000000  0.920000
0.633235  0.000000  0.940000
0.642229  0.000000  0.960000
0.646647  0.000000  0.980000

0.675953  0.020000  0.000000
0.672173  0.020000  0.020000
0.664466  0.020000  0.040000
0.652542  0.020000  0.060000
0.635977  0.020000  0.080000
0.614237  0.020000  0.100000
0.586722  0.020000  0.120000
0.552849  0.020000  0.140000
0.512172  0.020000  0.160000
0.464549  0.020000  0.180000
0.410320  0.020000  0.200000
0.350465  0.020000  0.220000
0.286652  0.020000  0.240000
0.221128  0.020000  0.260000
0.156439  0.020000  0.280000
0.095045  0.020000  0.300000
0.038962  0.020000  0.320000
-0.010469  0.020000  0.340000
-0.052621  0.020000  0.360000
-0.087473  0.020000  0.380000
-0.115423  0.020000  0.400000
-0.137085  0.020000  0.420000
-0.153125  0.020000  0.440000
-0.164151  0.020000  0.460000
-0.170634  0.020000  0.480000
-0.172877  0.020000  0.500000
-0.170991  0.020000  0.520000
-0.164896  0.020000  0.540000
-0.154323  0.020000  0.560000
-0.138834  0.020000  0.580000
-0.117861  0.020000  0.600000
-0.090770  0.020000  0.620000
-0.056977  0.020000  0.640000
-0.016099  0.020000  0.660000
0.031857  0.020000  0.680000
0.086310  0.020000  0.700000
0.145995  0.020000  0.720000
0.208994  0.020000  0.740000
0.272941  0.020000  0.760000
0.335353  0.020000  0.780000
0.394002  0.020000  0.800000
0.447186  0.020000  0.820000
0.493855  0.020000  0.840000
0.533573  0.020000  0.860000
0.566383  0.020000  0.880000
0.592632  0.020000  0.900000
0.612807  0.020000  0.920000
0.627415  0.020000  0.940000
0.636890  0.020000  0.960000
0.641546  0.020000  0.980000

0.668622  0.040000  0.000000
0.664466  0.040000  0.020000
0.655994  0.040000  0.040000
0.642889  0.040000  0.060000
0.624700  0.040000  0.080000
0.600878  0.040000  0.100000
0.570838  0.040000  0.120000
0.534068  0.040000  0.140000
0.490273  0.040000  0.160000
0.439546  0.040000  0.180000
0.382539  0.040000  0.200000
0.320567  0.040000  0.220000
0.255584  0.040000  0.240000
0.189991  0.040000  0.260000
0.126311  0.040000  0.280000
0.066809  0.040000  0.300000
0.013200  0.040000  0.320000
-0.033503  0.040000  0.340000
-0.072954  0.040000  0.360000
-0.105335  0.040000  0.380000
-0.131160  0.040000  0.400000
-0.151095  0.040000  0.420000
-0.165816  0.040000  0.440000
-0.175916  0.040000  0.460000
-0.181848  0.040000  0.480000
-0.183900  0.040000  0.500000
-0.182176  0.040000  0.520000
-0.176600  0.040000  0.540000
-0.166918  0.040000  0.560000
-0.152711  0.040000  0.580000
-0.133423  0.040000  0.600000
-0.108415  0.040000  0.620000
-0.077057  0.040000  0.640000
-0.038859  0.040000  0.660000
0.006358  0.040000  0.680000
0.058276  0.040000  0.700000
0.115944  0.040000  0.720000
0.177740  0.040000  0.740000
0.241502  0.040000  0.760000
0.304794  0.040000  0.780000
0.365262  0.040000  0.800000
0.420949  0.040000  0.820000
0.470487  0.040000  0.840000
0.513135  0.040000  0.860000
0.548690  0.040000  0.880000
0.577331  0.040000  0.900000
0.599454  0.040000  0.920000
0.615524  0.040000  0.940000
0.625969  0.040000  0.960000
0.631107  0.040000  0.980000

0.657280  0.060000  0.000000
0.652544  0.060000  0.020000
0.642891  0.060000  0.040000
0.627974  0.060000  0.060000
0.607315  0.060000  0.080000
0.580362  0.060000  0.100000
0.546589  0.060000  0.120000
0.505631  0.060000  0.140000
0.457460  0.060000  0.160000
0.402552  0.060000  0.180000
0.342023  0.060000  0.200000
0.277642  0.060000  0.220000
0.211692  0.060000  0.240000
0.146688  0.060000  0.260000
0.085013  0.060000  0.280000
0.028590  0.060000  0.300000
-0.021313  0.060000  0.320000
-0.064116  0.060000  0.340000
-0.099822  0.060000  0.360000
-0.128845  0.060000  0.380000
-0.151823  0.060000  0.400000
-0.169467  0.060000  0.420000
-0.182447  0.060000  0.440000
-0.191332  0.060000  0.460000
-0.196542  0.060000  0.480000
-0.198343  0.060000  0.500000
-0.196831  0.060000  0.520000
-0.191935  0.060000  0.540000
-0.183424  0.060000  0.560000
-0.170905  0.060000  0.580000
-0.153850  0.060000  0.600000
-0.131628  0.060000  0.620000
-0.103570  0.060000  0.640000
-0.069075  0.060000  0.660000
-0.027753  0.060000  0.680000
0.020403  0.060000  0.700000
0.074851  0.060000  0.720000
0.134398  0.060000  0.740000
0.197225  0.060000  0.760000
0.261062  0.060000  0.780000
0.323482  0.060000  0.800000
0.382241  0.060000  0.820000
0.435555  0.060000  0.840000
0.482235  0.060000  0.860000
0.521691  0.060000  0.880000
0.553816  0.060000  0.900000
0.578824  0.060000  0.920000
0.597088  0.060000  0.940000
0.609000  0.060000  0.960000
0.614870  0.060000  0.980000

0.641520  0.080000  0.000000
0.635981  0.080000  0.020000
0.624704  0.080000  0.040000
0.607317  0.080000  0.060000
0.583333  0.080000  0.080000
0.552242  0.080000  0.100000
0.513656  0.080000  0.120000
0.467479  0.080000  0.140000
0.414100  0.080000  0.160000
0.354537  0.080000  0.180000
0.290481  0.080000  0.200000
0.224184  0.080000  0.220000
0.158190  0.080000  0.240000
0.094973  0.080000  0.260000
0.036596  0.080000  0.280000
-0.015517  0.080000  0.300000
-0.060637  0.080000  0.320000
-0.098659  0.080000  0.340000
-0.129930  0.080000  0.360000
-0.155068  0.080000  0.380000
-0.174807  0.080000  0.400000
-0.189872  0.080000  0.420000
-0.200909  0.080000  0.440000
-0.208441  0.080000  0.460000
-0.212851  0.080000  0.480000
-0.214375  0.080000  0.500000
-0.213096  0.080000  0.520000
-0.208955  0.080000  0.540000
-0.201743  0.080000  0.560000
-0.191108  0.080000  0.580000
-0.176563  0.080000  0.600000
-0.157504  0.080000  0.620000
-0.133252  0.080000  0.640000
-0.103124  0.080000  0.660000
-0.066545  0.080000  0.680000
-0.023194  0.080000  0.700000
0.026824  0.080000  0.720000
0.082829  0.080000  0.740000
0.143485  0.080000  0.760000
0.206849  0.080000  0.780000
0.270576  0.080000  0.800000
0.332219  0.080000  0.820000
0.389565  0.080000  0.840000
0.440890  0.080000  0.860000
0.485074  0.080000  0.880000
0.521578  0.080000  0.900000
0.550311  0.080000  0.920000
0.571461  0.080000  0.940000
0.585325  0.080000  0.960000
0.592178  0.080000  0.980000

0.620819  0.100000  0.000000
0.614244  0.100000  0.020000
0.600884  0.100000  0.040000
0.580367  0.100000  0.060000
0.552245  0.100000  0.080000
0.516138  0.100000  0.100000
0.471921  0.100000  0.120000
0.419930  0.100000  0.140000
0.361140  0.100000  0.160000
0.297230  0.100000  0.180000
0.230493  0.100000  0.200000
0.163566  0.100000  0.220000
0.099051  0.100000  0.240000
0.039151  0.100000  0.260000
-0.014582  0.100000  0.280000
-0.061327  0.100000  0.300000
-0.100917  0.100000  0.320000
-0.133675  0.100000  0.340000
-0.160226  0.100000  0.360000
-0.181330  0.100000  0.380000
-0.197760  0.100000  0.400000
-0.210221  0.100000  0.420000
-0.219310  0.100000  0.440000
-0.225494  0.100000  0.460000
-0.229109  0.100000  0.480000
-0.230356  0.100000  0.500000
-0.229310  0.100000  0.520000
-0.225918  0.100000  0.540000
-0.220000  0.100000  0.560000
-0.211251  0.100000  0.580000
-0.199236  0.100000  0.600000
-0.183400  0.100000  0.620000
-0.163088  0.100000  0.640000
-0.137586  0.100000  0.660000
-0.106195  0.100000  0.680000
-0.068346  0.100000  0.700000
-0.023753  0.100000  0.720000
0.027418  0.100000  0.740000
0.084396  0.100000  0.760000
0.145736  0.100000  0.780000
0.209380  0.100000  0.800000
0.272875  0.100000  0.820000
0.333697  0.100000  0.840000
0.389587  0.100000  0.860000
0.438806  0.100000  0.880000
0.480233  0.100000  0.900000
0.513317  0.100000  0.920000
0.537930  0.100000  0.940000
0.554181  0.100000  0.960000
0.562247  0.100000  0.980000

0.594578  0.120000  0.000000
0.586733  0.120000  0.020000
0.570848  0.120000  0.040000
0.546598  0.120000  0.060000
0.513663  0.120000  0.080000
0.471925  0.120000  0.100000
0.421695  0.120000  0.120000
0.363923  0.120000  0.140000
0.300304  0.120000  0.160000
0.233210  0.120000  0.180000
0.165419  0.120000  0.200000
0.099715  0.120000  0.220000
0.038480  0.120000  0.240000
-0.016589  0.120000  0.260000
-0.064581  0.120000  0.280000
-0.105289  0.120000  0.300000
-0.139036  0.120000  0.320000
-0.166473  0.120000  0.340000
-0.188402  0.120000  0.360000
-0.205643  0.120000  0.380000
-0.218954  0.120000  0.400000
-0.228988  0.120000  0.420000
-0.236274  0.120000  0.440000
-0.241217  0.120000  0.460000
-0.244100  0.120000  0.480000
-0.245095  0.120000  0.500000
-0.244261  0.120000  0.520000
-0.241557  0.120000  0.540000
-0.236831  0.120000  0.560000
-0.229824  0.120000  0.580000
-0.220163  0.120000  0.600000
-0.207357  0.120000  0.620000
-0.190806  0.120000  0.640000
-0.169813  0.120000  0.660000
-0.143632  0.120000  0.680000
-0.111541  0.120000  0.700000
-0.072965  0.120000  0.720000
-0.027632  0.120000  0.740000
0.024246  0.120000  0.760000
0.081812  0.120000  0.780000
0.143497  0.120000  0.800000
0.207095  0.120000  0.820000
0.270000  0.120000  0.840000
0.329557  0.120000  0.860000
0.383413  0.120000  0.880000
0.429771  0.120000  0.900000
0.467464  0.120000  0.920000
0.495889  0.120000  0.940000
0.514833  0.120000  0.960000
0.524287  0.120000  0.980000

0.562184  0.140000  0.000000
0.552866  0.140000  0.020000
0.534084  0.140000  0.040000
0.505646  0.140000  0.060000
0.467492  0.140000  0.080000
0.419939  0.140000  0.100000
0.363927  0.140000  0.120000
0.301170  0.140000  0.140000
0.234123  0.140000  0.160000
0.165732  0.140000  0.180000
0.099005  0.140000  0.200000
0.036556  0.140000  0.220000
-0.019730  0.140000  0.240000
-0.068815  0.140000  0.260000
-0.110437  0.140000  0.280000
-0.144922  0.140000  0.300000
-0.172952  0.140000  0.320000
-0.195378  0.140000  0.340000
-0.213072  0.140000  0.360000
-0.226843  0.140000  0.380000
-0.237393  0.140000  0.400000
-0.245299  0.140000  0.420000
-0.251016  0.140000  0.440000
-0.254883  0.140000  0.460000
-0.257134  0.140000  0.480000
-0.257910  0.140000  0.500000
-0.257260  0.140000  0.520000
-0.255149  0.140000  0.540000
-0.251454  0.140000  0.560000
-0.245963  0.140000  0.580000
-0.238361  0.140000  0.600000
-0.228233  0.140000  0.620000
-0.215048  0.140000  0.640000
-0.198168  0.140000  0.660000
-0.176864  0.140000  0.680000
-0.150359  0.140000  0.700000
-0.117910  0.140000  0.720000
-0.078932  0.140000  0.740000
-0.033178  0.140000  0.760000
0.019075  0.140000  0.780000
0.076854  0.140000  0.800000
0.138422  0.140000  0.820000
0.201377  0.140000  0.840000
0.262918  0.140000  0.860000
0.320225  0.140000  0.880000
0.370832  0.140000  0.900000
0.412859  0.140000  0.920000
0.445075  0.140000  0.940000
0.466795  0.140000  0.960000
0.477708  0.140000  0.980000

0.523128  0.160000  0.000000
0.512196  0.160000  0.020000
0.490296  0.160000  0.040000
0.457481  0.160000  0.060000
0.414119  0.160000  0.080000
0.361155  0.160000  0.100000
0.300314  0.160000  0.120000
0.234128  0.160000  0.140000
0.165707  0.160000  0.160000
0.098309  0.160000  0.180000
0.034828  0.160000  0.200000
-0.022592  0.160000  0.220000
-0.072732  0.160000  0.240000
-0.115233  0.160000  0.260000
-0.150393  0.160000  0.280000
-0.178917  0.160000  0.300000
-0.201701  0.160000  0.320000
-0.219671  0.160000  0.340000
-0.233686  0.160000  0.360000
-0.244495  0.160000  0.380000
-0.252718  0.160000  0.400000
-0.258846  0.160000  0.420000
-0.263259  0.160000  0.440000
-0.266236  0.160000  0.460000
-0.267965  0.160000  0.480000
-0.268560  0.160000  0.500000
-0.268061  0.160000  0.520000
-0.266440  0.160000  0.540000
-0.263598  0.160000  0.560000
-0.259363  0.160000  0.580000
-0.253480  0.160000  0.600000
-0.245602  0.160000  0.620000
-0.235281  0.160000  0.640000
-0.221959  0.160000  0.660000
-0.204967  0.160000  0.680000
-0.183549  0.160000  0.700000
-0.156905  0.160000  0.720000
-0.124279  0.160000  0.740000
-0.085102  0.160000  0.760000
-0.039182  0.160000  0.780000
0.013090  0.160000  0.800000
0.070566  0.160000  0.820000
0.131282  0.160000  0.840000
0.192590  0.160000  0.860000
0.251463  0.160000  0.880000
0.304913  0.160000  0.900000
0.350360  0.160000  0.920000
0.385855  0.160000  0.940000
0.410110  0.160000  0.960000
0.422396  0.160000  0.980000

0.477156  0.180000  0.000000
0.464582  0.180000  0.020000
0.439578  0.180000  0.040000
0.402581  0.180000  0.060000
0.354562  0.180000  0.080000
0.297251  0.180000  0.100000
0.233226  0.180000  0.120000
0.165742  0.180000  0.140000
0.098313  0.180000  0.160000
0.034161  0.180000  0.180000
-0.024246  0.180000  0.200000
-0.075426  0.180000  0.220000
-0.118853  0.180000  0.240000
-0.154747  0.180000  0.260000
-0.183805  0.180000  0.280000
-0.206953  0.180000  0.300000
-0.225164  0.180000  0.320000
-0.239350  0.180000  0.340000
-0.250303  0.180000  0.360000
-0.258683  0.180000  0.380000
-0.265017  0.180000  0.400000
-0.269714  0.180000  0.420000
-0.273084  0.180000  0.440000
-0.275350  0.180000  0.460000
-0.276665  0.180000  0.480000
-0.277116  0.180000  0.500000
-0.276737  0.180000  0.520000
-0.275504  0.180000  0.540000
-0.273341  0.180000  0.560000
-0.270110  0.180000  0.580000
-0.265608  0.180000  0.600000
-0.259552  0.180000  0.620000
-0.251574  0.180000  0.640000
-0.241201  0.180000  0.660000
-0.227851  0.180000  0.680000
-0.210835  0.180000  0.700000
-0.189377  0.180000  0.720000
-0.162668  0.180000  0.740000
-0.129969  0.180000  0.760000
-0.090768  0.180000  0.780000
-0.044984  0.180000  0.800000
0.006805  0.180000  0.820000
0.063196  0.180000  0.840000
0.121935  0.180000  0.860000
0.180087  0.180000  0.880000
0.234401  0.180000  0.900000
0.281744  0.180000  0.920000
0.319475  0.180000  0.940000
0.345643  0.180000  0.960000
0.359018  0.180000  0.980000

0.424457  0.200000  0.000000
0.410363  0.200000  0.020000
0.382580  0.200000  0.040000
0.342061  0.200000  0.060000
0.290513  0.200000  0.080000
0.230520  0.200000  0.100000
0.165440  0.200000  0.120000
0.099020  0.200000  0.140000
0.034838  0.200000  0.160000
-0.024242  0.200000  0.180000
-0.076378  0.200000  0.200000
-0.120782  0.200000  0.220000
-0.157524  0.200000  0.240000
-0.187239  0.200000  0.260000
-0.210856  0.200000  0.280000
-0.229379  0.200000  0.300000
-0.243765  0.200000  0.320000
-0.254854  0.200000  0.340000
-0.263342  0.200000  0.360000
-0.269791  0.200000  0.380000
-0.274638  0.200000  0.400000
-0.278217  0.200000  0.420000
-0.280775  0.200000  0.440000
-0.282491  0.200000  0.460000
-0.283483  0.200000  0.480000
-0.283824  0.200000  0.500000
-0.283536  0.200000  0.520000
-0.282605  0.200000  0.540000
-0.280967  0.200000  0.560000
-0.278516  0.200000  0.580000
-0.275090  0.200000  0.600000
-0.270466  0.200000  0.620000
-0.264343  0.200000  0.640000
-0.256335  0.200000  0.660000
-0.245952  0.200000  0.680000
-0.232594  0.200000  0.700000
-0.215559  0.200000  0.720000
-0.194066  0.200000  0.740000
-0.167327  0.200000  0.760000
-0.134661  0.200000  0.780000
-0.095672  0.200000  0.800000
-0.050477  0.200000  0.820000
0.000069  0.200000  0.840000
0.054228  0.200000  0.860000
0.109398  0.200000  0.880000
0.162355  0.200000  0.900000
0.209667  0.200000  0.920000
0.248158  0.200000  0.940000
0.275269  0.200000  0.960000
0.289259  0.200000  0.980000

0.365833  0.220000  0.000000
0.350519  0.220000  0.020000
0.320617  0.220000  0.040000
0.277687  0.220000  0.060000
0.224223  0.220000  0.080000
0.163598  0.220000  0.100000
0.099740  0.220000  0.120000
0.036574  0.220000  0.140000
-0.022579  0.220000  0.160000
-0.075418  0.220000  0.180000
-0.120778  0.220000  0.200000
-0.158473  0.220000  0.220000
-0.189004  0.220000  0.240000
-0.213248  0.220000  0.260000
-0.232221  0.220000  0.280000
-0.246911  0.220000  0.300000
-0.258198  0.220000  0.320000
-0.266822  0.220000  0.340000
-0.273376  0.220000  0.360000
-0.278328  0.220000  0.380000
-0.282033  0.220000  0.400000
-0.284759  0.220000  0.420000
-0.286700  0.220000  0.440000
-0.287999  0.220000  0.460000
-0.288748  0.220000  0.480000
-0.289004  0.220000  0.500000
-0.288787  0.220000  0.520000
-0.288082  0.220000  0.540000
-0.286842  0.220000  0.560000
-0.284982  0.220000  0.580000
-0.282376  0.220000  0.600000
-0.278848  0.220000  0.620000
-0.274160  0.220000  0.640000
-0.268000  0.220000  0.660000
-0.259965  0.220000  0.680000
-0.249553  0.220000  0.700000
-0.236154  0.220000  0.720000
-0.219066  0.220000  0.740000
-0.197529  0.220000  0.760000
-0.170815  0.220000  0.780000
-0.138362  0.220000  0.800000
-0.099975  0.220000  0.820000
-0.056066  0.220000  0.840000
-0.007861  0.220000  0.860000
0.042496  0.220000  0.880000
0.092049  0.220000  0.900000
0.137350  0.220000  0.920000
0.174937  0.220000  0.940000
0.201813  0.220000  0.960000
0.215813  0.220000  0.980000

0.302789  0.240000  0.000000
0.286715  0.240000  0.020000
0.255642  0.240000  0.040000
0.211743  0.240000  0.060000
0.158234  0.240000  0.080000
0.099087  0.240000  0.100000
0.038509  0.240000  0.120000
-0.019708  0.240000  0.140000
-0.072716  0.240000  0.160000
-0.118842  0.240000  0.180000
-0.157517  0.240000  0.200000
-0.189001  0.240000  0.220000
-0.214052  0.240000  0.240000
-0.233648  0.240000  0.260000
-0.248790  0.240000  0.280000
-0.260391  0.240000  0.300000
-0.269228  0.240000  0.320000
-0.275933  0.240000  0.340000
-0.281003  0.240000  0.360000
-0.284818  0.240000  0.380000
-0.287664  0.240000  0.400000
-0.289752  0.240000  0.420000
-0.291235  0.240000  0.440000
-0.292223  0.240000  0.460000
-0.292790  0.240000  0.480000
-0.292983  0.240000  0.500000
-0.292818  0.240000  0.520000
-0.292282  0.240000  0.540000
-0.291338  0.240000  0.560000
-0.289917  0.240000  0.580000
-0.287922  0.240000  0.600000
-0.285216  0.240000  0.620000
-0.281613  0.240000  0.640000
-0.276866  0.240000  0.660000
-0.270651  0.240000  0.680000
-0.262553  0.240000  0.700000
-0.252063  0.240000  0.720000
-0.238571  0.240000  0.740000
-0.221398  0.240000  0.760000
-0.199841  0.240000  0.780000
-0.173289  0.240000  0.800000
-0.141377  0.240000  0.820000
-0.104211  0.240000  0.840000
-0.062592  0.240000  0.860000
-0.018193  0.240000  0.880000
0.026431  0.240000  0.900000
0.068055  0.240000  0.920000
0.103203  0.240000  0.940000
0.128682  0.240000  0.960000
0.142070  0.240000  0.980000

0.237467  0.260000  0.000000
0.221198  0.260000  0.020000
0.190055  0.260000  0.040000
0.146744  0.260000  0.060000
0.095020  0.260000  0.080000
0.039190  0.260000  0.100000
-0.016558  0.260000  0.120000
-0.068790  0.260000  0.140000
-0.115215  0.260000  0.160000
-0.154734  0.260000  0.180000
-0.187231  0.260000  0.200000
-0.213244  0.260000  0.220000
-0.233647  0.260000  0.240000
-0.249414  0.260000  0.260000
-0.261475  0.260000  0.280000
-0.270640  0.260000  0.300000
-0.277577  0.260000  0.320000
-0.282816  0.260000  0.340000
-0.286766  0.260000  0.360000
-0.289734  0.260000  0.380000
-0.291947  0.260000  0.400000
-0.293568  0.260000  0.420000
-0.294715  0.260000  0.440000
-0.295473  0.260000  0.460000
-0.295906  0.260000  0.480000
-0.296052  0.260000  0.500000
-0.295925  0.260000  0.520000
-0.295515  0.260000  0.540000
-0.294788  0.260000  0.560000
-0.293688  0.260000  0.580000
-0.292139  0.260000  0.600000
-0.290036  0.260000  0.620000
-0.287239  0.260000  0.640000
-0.283553  0.260000  0.660000
-0.278721  0.260000  0.680000
-0.272407  0.260000  0.700000
-0.264193  0.260000  0.720000
-0.253567  0.260000  0.740000
-0.239943  0.260000  0.760000
-0.222691  0.260000  0.780000
-0.201220  0.260000  0.800000
-0.175104  0.260000  0.820000
-0.144269  0.260000  0.840000
-0.109210  0.260000  0.860000
-0.071190  0.260000  0.880000
-0.032325  0.260000  0.900000
0.004525  0.260000  0.920000
0.036101  0.260000  0.940000
0.059258  0.260000  0.960000
0.071517  0.260000  0.980000

0.172399  0.280000  0.000000
0.156511  0.280000  0.020000
0.126377  0.280000  0.040000
0.085071  0.280000  0.060000
0.036645  0.280000  0.080000
-0.014542  0.280000  0.100000
-0.064549  0.280000  0.120000
-0.110412  0.280000  0.140000
-0.150374  0.280000  0.160000
-0.183791  0.280000  0.180000
-0.210846  0.280000  0.200000
-0.232215  0.280000  0.220000
-0.248787  0.280000  0.240000
-0.261473  0.280000  0.260000
-0.271104  0.280000  0.280000
-0.278380  0.280000  0.300000
-0.283867  0.280000  0.320000
-0.288003  0.280000  0.340000
-0.291122  0.280000  0.360000
-0.293469  0.280000  0.380000
-0.295224  0.280000  0.400000
-0.296510  0.280000  0.420000
-0.297412  0.280000  0.440000
-0.298000  0.280000  0.460000
-0.298331  0.280000  0.480000
-0.298441  0.280000  0.500000
-0.298343  0.280000  0.520000
-0.298028  0.280000  0.540000
-0.297463  0.280000  0.560000
-0.296596  0.280000  0.580000
-0.295365  0.280000  0.600000
-0.293698  0.280000  0.620000
-0.291488  0.280000  0.640000
-0.288585  0.280000  0.660000
-0.284788  0.280000  0.680000
-0.279827  0.280000  0.700000
-0.273364  0.280000  0.720000
-0.264978  0.280000  0.740000
-0.254175  0.280000  0.760000
-0.240416  0.280000  0.780000
-0.223168  0.280000  0.800000
-0.202011  0.280000  0.820000
-0.176786  0.280000  0.840000
-0.147791  0.280000  0.860000
-0.115967  0.280000  0.880000
-0.083024  0.280000  0.900000
-0.051400  0.280000  0.920000
-0.023995  0.280000  0.940000
-0.003715  0.280000  0.960000
0.007085  0.280000  0.980000

0.110128  0.300000  0.000000
0.095116  0.300000  0.020000
0.066875  0.300000  0.040000
0.028647  0.300000  0.060000
-0.015467  0.300000  0.080000
-0.061286  0.300000  0.100000
-0.105256  0.300000  0.120000
-0.144896  0.300000  0.140000
-0.178898  0.300000  0.160000
-0.206939  0.300000  0.180000
-0.229369  0.300000  0.200000
-0.246904  0.300000  0.220000
-0.260387  0.300000  0.240000
-0.270637  0.300000  0.260000
-0.278379  0.300000  0.280000
-0.284210  0.300000  0.300000
-0.288604  0.300000  0.320000
-0.291922  0.300000  0.340000
-0.294432  0.300000  0.360000
-0.296330  0.300000  0.380000
-0.297756  0.300000  0.400000
-0.298802  0.300000  0.420000
-0.299520  0.300000  0.440000
-0.299974  0.300000  0.460000
-0.300222  0.300000  0.480000
-0.300302  0.300000  0.500000
-0.300229  0.300000  0.520000
-0.299992  0.300000  0.540000
-0.299554  0.300000  0.560000
-0.298862  0.300000  0.580000
-0.297859  0.300000  0.600000
-0.296501  0.300000  0.620000
-0.294715  0.300000  0.640000
-0.292383  0.300000  0.660000
-0.289348  0.300000  0.680000
-0.285400  0.300000  0.700000
-0.280266  0.300000  0.720000
-0.273603  0.300000  0.740000
-0.265005  0.300000  0.760000
-0.254019  0.300000  0.780000
-0.240188  0.300000  0.800000
-0.223131  0.300000  0.820000
-0.202668  0.300000  0.840000
-0.178975  0.300000  0.860000
-0.152762  0.300000  0.880000
-0.125397  0.300000  0.900000
-0.098900  0.300000  0.920000
-0.075757  0.300000  0.940000
-0.058518  0.300000  0.960000
-0.049299  0.300000  0.980000

0.052819  0.320000  0.000000
0.039030  0.320000  0.020000
0.013262  0.320000  0.040000
-0.021258  0.320000  0.060000
-0.060590  0.320000  0.080000
-0.100877  0.320000  0.100000
-0.139003  0.320000  0.120000
-0.172927  0.320000  0.140000
-0.201682  0.320000  0.160000
-0.225150  0.320000  0.180000
-0.243755  0.320000  0.200000
-0.258191  0.320000  0.220000
-0.269224  0.320000  0.240000
-0.277574  0.320000  0.260000
-0.283865  0.320000  0.280000
-0.288603  0.320000  0.300000
-0.292183  0.320000  0.320000
-0.294900  0.320000  0.340000
-0.296967  0.320000  0.360000
-0.298532  0.320000  0.380000
-0.299710  0.320000  0.400000
-0.300564  0.320000  0.420000
-0.301122  0.320000  0.440000
-0.301454  0.320000  0.460000
-0.301625  0.320000  0.480000
-0.301679  0.320000  0.500000
-0.301630  0.320000  0.520000
-0.301465  0.320000  0.540000
-0.301143  0.320000  0.560000
-0.300605  0.320000  0.580000
-0.299783  0.320000  0.600000
-0.298660  0.320000  0.620000
-0.297185  0.320000  0.640000
-0.295266  0.320000  0.660000
-0.292787  0.320000  0.680000
-0.289587  0.320000  0.700000
-0.285449  0.320000  0.720000
-0.280097  0.320000  0.740000
-0.273198  0.320000  0.760000
-0.264379  0.320000  0.780000
-0.253256  0.320000  0.800000
-0.239504  0.320000  0.820000
-0.222949  0.320000  0.840000
-0.203705  0.320000  0.860000
-0.182317  0.320000  0.880000
-0.159876  0.320000  0.900000
-0.138034  0.320000  0.920000
-0.118861  0.320000  0.940000
-0.104522  0.320000  0.960000
-0.096833  0.320000  0.980000

0.001988  0.340000  0.000000
-0.010406  0.340000  0.020000
-0.033445  0.340000  0.040000
-0.064064  0.340000  0.060000
-0.098614  0.340000  0.080000
-0.133636  0.340000  0.100000
-0.166441  0.340000  0.120000
-0.195353  0.340000  0.140000
-0.219651  0.340000  0.160000
-0.239336  0.340000  0.180000
-0.254844  0.340000  0.200000
-0.266815  0.340000  0.220000
-0.275929  0.340000  0.240000
-0.282813  0.340000  0.260000
-0.288001  0.340000  0.280000
-0.291920  0.340000  0.300000
-0.294899  0.340000  0.320000
-0.297177  0.340000  0.340000
-0.298915  0.340000  0.360000
-0.300209  0.340000  0.380000
-0.301152  0.340000  0.400000
-0.301786  0.340000  0.420000
-0.302166  0.340000  0.440000
-0.302370  0.340000  0.460000
-0.302464  0.340000  0.480000
-0.302491  0.340000  0.500000
-0.302466  0.340000  0.520000
-0.302375  0.340000  0.540000
-0.302178  0.340000  0.560000
-0.301811  0.340000  0.580000
-0.301203  0.340000  0.600000
-0.300303  0.340000  0.620000
-0.299084  0.340000  0.640000
-0.297469  0.340000  0.660000
-0.295393  0.340000  0.680000
-0.292741  0.340000  0.700000
-0.289342  0.340000  0.720000
-0.284976  0.340000  0.740000
-0.279372  0.340000  0.760000
-0.272223  0.340000  0.780000
-0.263213  0.340000  0.800000
-0.252071  0.340000  0.820000
-0.238646  0.340000  0.840000
-0.223018  0.340000  0.860000
-0.205616  0.340000  0.880000
-0.187318  0.340000  0.900000
-0.169464  0.340000  0.920000
-0.153755  0.340000  0.940000
-0.141982  0.340000  0.960000
-0.135659  0.340000  0.980000

-0.041580  0.360000  0.000000
-0.052563  0.360000  0.020000
-0.072901  0.360000  0.040000
-0.099773  0.360000  0.060000
-0.129887  0.360000  0.080000
-0.160189  0.360000  0.100000
-0.188372  0.360000  0.120000
-0.213048  0.360000  0.140000
-0.233668  0.360000  0.160000
-0.250290  0.360000  0.180000
-0.263332  0.360000  0.200000
-0.273369  0.360000  0.220000
-0.280998  0.360000  0.240000
-0.286763  0.360000  0.260000
-0.291119  0.360000  0.280000
-0.294430  0.360000  0.300000
-0.296965  0.360000  0.320000
-0.298914  0.360000  0.340000
-0.300390  0.360000  0.360000
-0.301425  0.360000  0.380000
-0.302103  0.360000  0.400000
-0.302500  0.360000  0.420000
-0.302697  0.360000  0.440000
-0.302772  0.360000  0.460000
-0.302790  0.360000  0.480000
-0.302791  0.360000  0.500000
-0.302790  0.360000  0.520000
-0.302773  0.360000  0.540000
-0.302702  0.360000  0.560000
-0.302515  0.360000  0.580000
-0.302137  0.360000  0.600000
-0.301494  0.360000  0.620000
-0.300521  0.360000  0.640000
-0.299148  0.360000  0.660000
-0.297373  0.360000  0.680000
-0.295121  0.360000  0.700000
-0.292267  0.360000  0.720000
-0.288635  0.360000  0.740000
-0.284008  0.360000  0.760000
-0.278132  0.360000  0.780000
-0.270749  0.360000  0.800000
-0.261635  0.360000  0.820000
-0.250665  0.360000  0.840000
-0.237903  0.360000  0.860000
-0.223697  0.360000  0.880000
-0.208758  0.360000  0.900000
-0.194177  0.360000  0.920000
-0.181341  0.360000  0.940000
-0.171715  0.360000  0.960000
-0.166544  0.360000  0.980000

-0.077748  0.380000  0.000000
-0.087421  0.380000  0.020000
-0.105286  0.380000  0.040000
-0.128800  0.380000  0.060000
-0.155028  0.380000  0.080000
-0.181295  0.380000  0.100000
-0.205614  0.380000  0.120000
-0.226820  0.380000  0.140000
-0.244478  0.380000  0.160000
-0.258670  0.380000  0.180000
-0.269781  0.380000  0.200000
-0.278321  0.380000  0.220000
-0.284813  0.380000  0.240000
-0.289730  0.380000  0.260000
-0.293467  0.380000  0.280000
-0.296328  0.380000  0.300000
-0.298531  0.380000  0.320000
-0.300208  0.380000  0.340000
-0.301425  0.380000  0.360000
-0.302198  0.380000  0.380000
-0.302622  0.380000  0.400000
-0.302800  0.380000  0.420000
-0.302826  0.380000  0.440000
-0.302783  0.380000  0.460000
-0.302732  0.380000  0.480000
-0.302711  0.380000  0.500000
-0.302731  0.380000  0.520000
-0.302781  0.380000  0.540000
-0.302826  0.380000  0.560000
-0.302806  0.380000  0.580000
-0.302643  0.380000  0.600000
-0.302248  0.380000  0.620000
-0.301526  0.380000  0.640000
-0.300399  0.380000  0.660000
-0.298872  0.380000  0.680000
-0.296918  0.380000  0.700000
-0.294461  0.380000  0.720000
-0.291371  0.380000  0.740000
-0.287473  0.380000  0.760000
-0.282558  0.380000  0.780000
-0.276411  0.380000  0.800000
-0.268850  0.380000  0.820000
-0.259773  0.380000  0.840000
-0.249235  0.380000  0.860000
-0.237526  0.380000  0.880000
-0.225230  0.380000  0.900000
-0.213245  0.380000  0.920000
-0.202702  0.380000  0.940000
-0.194800  0.380000  0.960000
-0.190555  0.380000  0.980000

-0.106840  0.400000  0.000000
-0.115376  0.400000  0.020000
-0.131115  0.400000  0.040000
-0.151781  0.400000  0.060000
-0.174769  0.400000  0.080000
-0.197727  0.400000  0.100000
-0.218926  0.400000  0.120000
-0.237371  0.400000  0.140000
-0.252701  0.400000  0.160000
-0.265004  0.400000  0.180000
-0.274628  0.400000  0.200000
-0.282026  0.400000  0.220000
-0.287659  0.400000  0.240000
-0.291943  0.400000  0.260000
-0.295221  0.400000  0.280000
-0.297754  0.400000  0.300000
-0.299708  0.400000  0.320000
-0.301152  0.400000  0.340000
-0.302103  0.400000  0.360000
-0.302622  0.400000  0.380000
-0.302818  0.400000  0.400000
-0.302806  0.400000  0.420000
-0.302688  0.400000  0.440000
-0.302545  0.400000  0.460000
-0.302436  0.400000  0.480000
-0.302395  0.400000  0.500000
-0.302433  0.400000  0.520000
-0.302541  0.400000  0.540000
-0.302684  0.400000  0.560000
-0.302806  0.400000  0.580000
-0.302830  0.400000  0.600000
-0.302657  0.400000  0.620000
-0.302182  0.400000  0.640000
-0.301308  0.400000  0.660000
-0.299998  0.400000  0.680000
-0.298265  0.400000  0.700000
-0.296096  0.400000  0.720000
-0.293402  0.400000  0.740000
-0.290041  0.400000  0.760000
-0.285841  0.400000  0.780000
-0.280622  0.400000  0.800000
-0.274231  0.400000  0.820000
-0.266587  0.400000  0.840000
-0.257740  0.400000  0.860000
-0.247937  0.400000  0.880000
-0.237669  0.400000  0.900000
-0.227681  0.400000  0.920000
-0.218909  0.400000  0.940000
-0.212343  0.400000  0.960000
-0.208819  0.400000  0.980000

-0.129435  0.420000  0.000000
-0.137041  0.420000  0.020000
-0.151053  0.420000  0.040000
-0.169427  0.420000  0.060000
-0.189836  0.420000  0.080000
-0.210189  0.420000  0.100000
-0.228961  0.420000  0.120000
-0.245278  0.420000  0.140000
-0.258830  0.420000  0.160000
-0.269702  0.420000  0.180000
-0.278207  0.420000  0.200000
-0.284752  0.420000  0.220000
-0.289747  0.420000  0.240000
-0.293564  0.420000  0.260000
-0.296507  0.420000  0.280000
-0.298799  0.420000  0.300000
-0.300563  0.420000  0.320000
-0.301785  0.420000  0.340000
-0.302500  0.420000  0.360000
-0.302799  0.420000  0.380000
-0.302806  0.420000  0.400000
-0.302641  0.420000  0.420000
-0.302408  0.420000  0.440000
-0.302186  0.420000  0.460000
-0.302031  0.420000  0.480000
-0.301975  0.420000  0.500000
-0.302028  0.420000  0.520000
-0.302180  0.420000  0.540000
-0.302401  0.420000  0.560000
-0.302636  0.420000  0.580000
-0.302810  0.420000  0.600000
-0.302824  0.420000  0.620000
-0.302562  0.420000  0.640000
-0.301916  0.420000  0.660000
-0.300813  0.420000  0.680000
-0.299250  0.420000  0.700000
-0.297290  0.420000  0.720000
-0.294883  0.420000  0.740000
-0.291914  0.420000  0.760000
-0.288238  0.420000  0.780000
-0.283701  0.420000  0.800000
-0.278174  0.420000  0.820000
-0.271590  0.420000  0.840000
-0.263999  0.420000  0.860000
-0.255614  0.420000  0.880000
-0.246856  0.420000  0.900000
-0.238359  0.420000  0.920000
-0.230913  0.420000  0.940000
-0.225348  0.420000  0.960000
-0.222364  0.420000  0.980000

-0.146192  0.440000  0.000000
-0.153084  0.440000  0.020000
-0.165776  0.440000  0.040000
-0.182410  0.440000  0.060000
-0.200874  0.440000  0.080000
-0.219280  0.440000  0.100000
-0.236249  0.440000  0.120000
-0.250996  0.440000  0.140000
-0.263244  0.440000  0.160000
-0.273072  0.440000  0.180000
-0.280766  0.440000  0.200000
-0.286694  0.440000  0.220000
-0.291230  0.440000  0.240000
-0.294711  0.440000  0.260000
-0.297408  0.440000  0.280000
-0.299516  0.440000  0.300000
-0.301121  0.440000  0.320000
-0.302165  0.440000  0.340000
-0.302696  0.440000  0.360000
-0.302826  0.440000  0.380000
-0.302688  0.440000  0.400000
-0.302408  0.440000  0.420000
-0.302089  0.440000  0.440000
-0.301809  0.440000  0.460000
-0.301620  0.440000  0.480000
-0.301552  0.440000  0.500000
-0.301616  0.440000  0.520000
-0.301801  0.440000  0.540000
-0.302080  0.440000  0.560000
-0.302400  0.440000  0.580000
-0.302687  0.440000  0.600000
-0.302843  0.440000  0.620000
-0.302747  0.440000  0.640000
-0.302278  0.440000  0.660000
-0.301343  0.440000  0.680000
-0.299925  0.440000  0.700000
-0.298124  0.440000  0.720000
-0.295925  0.440000  0.740000
-0.293237  0.440000  0.760000
-0.289935  0.440000  0.780000
-0.285884  0.440000  0.800000
-0.280973  0.440000  0.820000
-0.275148  0.440000  0.840000
-0.268454  0.440000  0.860000
-0.261085  0.440000  0.880000
-0.253411  0.440000  0.900000
-0.245983  0.440000  0.920000
-0.239489  0.440000  0.940000
-0.234643  0.440000  0.960000
-0.232047  0.440000  0.980000

-0.157721  0.460000  0.000000
-0.164112  0.460000  0.020000
-0.175878  0.460000  0.040000
-0.191295  0.460000  0.060000
-0.208408  0.460000  0.080000
-0.225465  0.460000  0.100000
-0.241193  0.460000  0.120000
-0.254863  0.460000  0.140000
-0.266221  0.460000  0.160000
-0.275339  0.460000  0.180000
-0.282482  0.460000  0.200000
-0.287992  0.460000  0.220000
-0.292218  0.460000  0.240000
-0.295469  0.460000  0.260000
-0.297996  0.460000  0.280000
-0.299970  0.460000  0.300000
-0.301453  0.460000  0.320000
-0.302369  0.460000  0.340000
-0.302771  0.460000  0.360000
-0.302783  0.460000  0.380000
-0.302545  0.460000  0.400000
-0.302186  0.460000  0.420000
-0.301809  0.460000  0.440000
-0.301489  0.460000  0.460000
-0.301277  0.460000  0.480000
-0.301202  0.460000  0.500000
-0.301273  0.460000  0.520000
-0.301481  0.460000  0.540000
-0.301798  0.460000  0.560000
-0.302176  0.460000  0.580000
-0.302541  0.460000  0.600000
-0.302795  0.460000  0.620000
-0.302814  0.460000  0.640000
-0.302470  0.460000  0.660000
-0.301656  0.460000  0.680000
-0.300348  0.460000  0.700000
-0.298666  0.460000  0.720000
-0.296612  0.460000  0.740000
-0.294114  0.460000  0.760000
-0.291062  0.460000  0.780000
-0.287337  0.460000  0.800000
-0.282839  0.460000  0.820000
-0.277522  0.460000  0.840000
-0.271431  0.460000  0.860000
-0.264743  0.460000  0.880000
-0.257795  0.460000  0.900000
-0.251085  0.460000  0.920000
-0.245228  0.460000  0.940000
-0.240864  0.460000  0.960000
-0.238528  0.460000  0.980000

-0.164504  0.480000  0.000000
-0.170596  0.480000  0.020000
-0.181811  0.480000  0.040000
-0.196507  0.480000  0.060000
-0.212819  0.480000  0.080000
-0.229080  0.480000  0.100000
-0.244077  0.480000  0.120000
-0.257115  0.480000  0.140000
-0.267950  0.480000  0.160000
-0.276653  0.480000  0.180000
-0.283475  0.480000  0.200000
-0.288742  0.480000  0.220000
-0.292785  0.480000  0.240000
-0.295902  0.480000  0.260000
-0.298327  0.480000  0.280000
-0.300218  0.480000  0.300000
-0.301625  0.480000  0.320000
-0.302463  0.480000  0.340000
-0.302790  0.480000  0.360000
-0.302732  0.480000  0.380000
-0.302436  0.480000  0.400000
-0.302031  0.480000  0.420000
-0.301620  0.480000  0.440000
-0.301277  0.480000  0.460000
-0.301052  0.480000  0.480000
-0.300973  0.480000  0.500000
-0.301048  0.480000  0.520000
-0.301269  0.480000  0.540000
-0.301609  0.480000  0.560000
-0.302020  0.480000  0.580000
-0.302430  0.480000  0.600000
-0.302741  0.480000  0.620000
-0.302827  0.480000  0.640000
-0.302557  0.480000  0.660000
-0.301816  0.480000  0.680000
-0.300579  0.480000  0.700000
-0.298969  0.480000  0.720000
-0.297002  0.480000  0.740000
-0.294616  0.480000  0.760000
-0.291710  0.480000  0.780000
-0.288173  0.480000  0.800000
-0.283915  0.480000  0.820000
-0.278892  0.480000  0.840000
-0.273149  0.480000  0.860000
-0.266854  0.480000  0.880000
-0.260327  0.480000  0.900000
-0.254031  0.480000  0.920000
-0.248543  0.480000  0.940000
-0.244458  0.480000  0.960000
-0.242272  0.480000  0.980000

-0.166851  0.500000  0.000000
-0.172839  0.500000  0.020000
-0.183863  0.500000  0.040000
-0.198308  0.500000  0.060000
-0.214342  0.500000  0.080000
-0.230328  0.500000  0.100000
-0.245071  0.500000  0.120000
-0.257891  0.500000  0.140000
-0.268546  0.500000  0.160000
-0.277105  0.500000  0.180000
-0.283815  0.500000  0.200000
-0.288997  0.500000  0.220000
-0.292978  0.500000  0.240000
-0.296048  0.500000  0.260000
-0.298437  0.500000  0.280000
-0.300298  0.500000  0.300000
-0.301678  0.500000  0.320000
-0.302490  0.500000  0.340000
-0.302791  0.500000  0.360000
-0.302710  0.500000  0.380000
-0.302395  0.500000  0.400000
-0.301975  0.500000  0.420000
-0.301552  0.500000  0.440000
-0.301202  0.500000  0.460000
-0.300973  0.500000  0.480000
-0.300892  0.500000  0.500000
-0.300968  0.500000  0.520000
-0.301193  0.500000  0.540000
-0.301541  0.500000  0.560000
-0.301963  0.500000  0.580000
-0.302389  0.500000  0.600000
-0.302718  0.500000  0.620000
-0.302827  0.500000  0.640000
-0.302581  0.500000  0.660000
-0.301866  0.500000  0.680000
-0.300653  0.500000  0.700000
-0.299070  0.500000  0.720000
-0.297133  0.500000  0.740000
-0.294786  0.500000  0.760000
-0.291930  0.500000  0.780000
-0.288459  0.500000  0.800000
-0.284282  0.500000  0.820000
-0.279360  0.500000  0.840000
-0.273737  0.500000  0.860000
-0.267578  0.500000  0.880000
-0.261194  0.500000  0.900000
-0.255041  0.500000  0.920000
-0.249680  0.500000  0.940000
-0.245689  0.500000  0.960000
-0.243555  0.500000  0.980000

-0.164877  0.520000  0.000000
-0.170953  0.520000  0.020000
-0.182138  0.520000  0.040000
-0.196795  0.520000  0.060000
-0.213064  0.520000  0.080000
-0.229281  0.520000  0.100000
-0.244237  0.520000  0.120000
-0.257241  0.520000  0.140000
-0.268046  0.520000  0.160000
-0.276725  0.520000  0.180000
-0.283528  0.520000  0.200000
-0.288780  0.520000  0.220000
-0.292813  0.520000  0.240000
-0.295921  0.520000  0.260000
-0.298340  0.520000  0.280000
-0.300226  0.520000  0.300000
-0.301629  0.520000  0.320000
-0.302465  0.520000  0.340000
-0.302789  0.520000  0.360000
-0.302730  0.520000  0.380000
-0.302433  0.520000  0.400000
-0.302027  0.520000  0.420000
-0.301616  0.520000  0.440000
-0.301273  0.520000  0.460000
-0.301048  0.520000  0.480000
-0.300968  0.520000  0.500000
-0.301043  0.520000  0.520000
-0.301264  0.520000  0.540000
-0.301605  0.520000  0.560000
-0.302017  0.520000  0.580000
-0.302428  0.520000  0.600000
-0.302739  0.520000  0.620000
-0.302827  0.520000  0.640000
-0.302558  0.520000  0.660000
-0.301820  0.520000  0.680000
-0.300585  0.520000  0.700000
-0.298980  0.520000  0.720000
-0.297019  0.520000  0.740000
-0.294639  0.520000  0.760000
-0.291742  0.520000  0.780000
-0.288216  0.520000  0.800000
-0.283972  0.520000  0.820000
-0.278966  0.520000  0.840000
-0.273242  0.520000  0.860000
-0.266970  0.520000  0.880000
-0.260465  0.520000  0.900000
-0.254193  0.520000  0.920000
-0.248725  0.520000  0.940000
-0.244654  0.520000  0.960000
-0.242476  0.520000  0.980000

-0.158499  0.540000  0.000000
-0.164857  0.540000  0.020000
-0.176562  0.540000  0.040000
-0.191899  0.540000  0.060000
-0.208922  0.540000  0.080000
-0.225889  0.540000  0.100000
-0.241532  0.540000  0.120000
-0.255129  0.540000  0.140000
-0.266425  0.540000  0.160000
-0.275493  0.540000  0.180000
-0.282596  0.540000  0.200000
-0.288075  0.540000  0.220000
-0.292277  0.540000  0.240000
-0.295511  0.540000  0.260000
-0.298025  0.540000  0.280000
-0.299988  0.540000  0.300000
-0.301464  0.540000  0.320000
-0.302374  0.540000  0.340000
-0.302772  0.540000  0.360000
-0.302781  0.540000  0.380000
-0.302541  0.540000  0.400000
-0.302180  0.540000  0.420000
-0.301801  0.540000  0.440000
-0.301481  0.540000  0.460000
-0.301269  0.540000  0.480000
-0.301193  0.540000  0.500000
-0.301264  0.540000  0.520000
-0.301473  0.540000  0.540000
-0.301791  0.540000  0.560000
-0.302170  0.540000  0.580000
-0.302537  0.540000  0.600000
-0.302792  0.540000  0.620000
-0.302814  0.540000  0.640000
-0.302474  0.540000  0.660000
-0.301665  0.540000  0.680000
-0.300364  0.540000  0.700000
-0.298690  0.540000  0.720000
-0.296648  0.540000  0.740000
-0.294165  0.540000  0.760000
-0.291132  0.540000  0.780000
-0.287430  0.540000  0.800000
-0.282962  0.540000  0.820000
-0.277681  0.540000  0.840000
-0.271631  0.540000  0.860000
-0.264989  0.540000  0.880000
-0.258090  0.540000  0.900000
-0.251428  0.540000  0.920000
-0.245613  0.540000  0.940000
-0.241280  0.540000  0.960000
-0.238962  0.540000  0.980000

-0.147441  0.560000  0.000000
-0.154282  0.560000  0.020000
-0.166879  0.560000  0.040000
-0.183386  0.560000  0.060000
-0.201709  0.560000  0.080000
-0.219971  0.560000  0.100000
-0.236806  0.560000  0.120000
-0.251434  0.560000  0.140000
-0.263582  0.560000  0.160000
-0.273329  0.560000  0.180000
-0.280958  0.560000  0.200000
-0.286836  0.560000  0.220000
-0.291333  0.560000  0.240000
-0.294784  0.560000  0.260000
-0.297459  0.560000  0.280000
-0.299551  0.560000  0.300000
-0.301143  0.560000  0.320000
-0.302177  0.560000  0.340000
-0.302701  0.560000  0.360000
-0.302826  0.560000  0.380000
-0.302684  0.560000  0.400000
-0.302401  0.560000  0.420000
-0.302080  0.560000  0.440000
-0.301798  0.560000  0.460000
-0.301609  0.560000  0.480000
-0.301541  0.560000  0.500000
-0.301605  0.560000  0.520000
-0.301791  0.560000  0.540000
-0.302071  0.560000  0.560000
-0.302393  0.560000  0.580000
-0.302683  0.560000  0.600000
-0.302841  0.560000  0.620000
-0.302750  0.560000  0.640000
-0.302288  0.560000  0.660000
-0.301362  0.560000  0.680000
-0.299954  0.560000  0.700000
-0.298169  0.560000  0.720000
-0.295989  0.560000  0.740000
-0.293326  0.560000  0.760000
-0.290054  0.560000  0.780000
-0.286043  0.560000  0.800000
-0.281181  0.560000  0.820000
-0.275415  0.560000  0.840000
-0.268789  0.560000  0.860000
-0.261496  0.560000  0.880000
-0.253901  0.560000  0.900000
-0.246552  0.560000  0.920000
-0.240125  0.560000  0.940000
-0.235331  0.560000  0.960000
-0.232762  0.560000  0.980000

-0.131256  0.580000  0.000000
-0.138791  0.580000  0.020000
-0.152669  0.580000  0.040000
-0.170865  0.580000  0.060000
-0.191072  0.580000  0.080000
-0.211220  0.580000  0.100000
-0.229798  0.580000  0.120000
-0.245942  0.580000  0.140000
-0.259346  0.580000  0.160000
-0.270098  0.580000  0.180000
-0.278507  0.580000  0.200000
-0.284976  0.580000  0.220000
-0.289912  0.580000  0.240000
-0.293684  0.580000  0.260000
-0.296593  0.580000  0.280000
-0.298859  0.580000  0.300000
-0.300603  0.580000  0.320000
-0.301810  0.580000  0.340000
-0.302514  0.580000  0.360000
-0.302806  0.580000  0.380000
-0.302806  0.580000  0.400000
-0.302636  0.580000  0.420000
-0.302400  0.580000  0.440000
-0.302176  0.580000  0.460000
-0.302020  0.580000  0.480000
-0.301963  0.580000  0.500000
-0.302017  0.580000  0.520000
-0.302170  0.580000  0.540000
-0.302393  0.580000  0.560000
-0.302632  0.580000  0.580000
-0.302810  0.580000  0.600000
-0.302829  0.580000  0.620000
-0.302575  0.580000  0.640000
-0.301939  0.580000  0.660000
-0.300849  0.580000  0.680000
-0.299304  0.580000  0.700000
-0.297366  0.580000  0.720000
-0.294988  0.580000  0.740000
-0.292058  0.580000  0.760000
-0.288430  0.580000  0.780000
-0.283953  0.580000  0.800000
-0.278499  0.580000  0.820000
-0.272004  0.580000  0.840000
-0.264515  0.580000  0.860000
-0.256243  0.580000  0.880000
-0.247605  0.580000  0.900000
-0.239223  0.580000  0.920000
-0.231879  0.580000  0.940000
-0.226391  0.580000  0.960000
-0.223448  0.580000  0.980000

-0.109372  0.600000  0.000000
-0.117814  0.600000  0.020000
-0.133378  0.600000  0.040000
-0.153808  0.600000  0.060000
-0.176525  0.600000  0.080000
-0.199203  0.600000  0.100000
-0.220136  0.600000  0.120000
-0.238340  0.600000  0.140000
-0.253463  0.600000  0.160000
-0.265595  0.600000  0.180000
-0.275081  0.600000  0.200000
-0.282369  0.600000  0.220000
-0.287917  0.600000  0.240000
-0.292135  0.600000  0.260000
-0.295362  0.600000  0.280000
-0.297856  0.600000  0.300000
-0.299781  0.600000  0.320000
-0.301202  0.600000  0.340000
-0.302137  0.600000  0.360000
-0.302643  0.600000  0.380000
-0.302830  0.600000  0.400000
-0.302810  0.600000  0.420000
-0.302688  0.600000  0.440000
-0.302542  0.600000  0.460000
-0.302431  0.600000  0.480000
-0.302389  0.600000  0.500000
-0.302428  0.600000  0.520000
-0.302537  0.600000  0.540000
-0.302683  0.600000  0.560000
-0.302810  0.600000  0.580000
-0.302840  0.600000  0.600000
-0.302676  0.600000  0.620000
-0.302213  0.600000  0.640000
-0.301355  0.600000  0.660000
-0.300065  0.600000  0.680000
-0.298358  0.600000  0.700000
-0.296223  0.600000  0.720000
-0.293573  0.600000  0.740000
-0.290269  0.600000  0.760000
-0.286139  0.600000  0.780000
-0.281008  0.600000  0.800000
-0.274724  0.600000  0.820000
-0.267208  0.600000  0.840000
-0.258509  0.600000  0.860000
-0.248869  0.600000  0.880000
-0.238771  0.600000  0.900000
-0.228948  0.600000  0.920000
-0.220322  0.600000  0.940000
-0.213864  0.600000  0.960000
-0.210398  0.600000  0.980000

-0.081161  0.620000  0.000000
-0.090720  0.620000  0.020000
-0.108367  0.620000  0.040000
-0.131583  0.620000  0.060000
-0.157464  0.620000  0.080000
-0.183366  0.620000  0.100000
-0.207329  0.620000  0.120000
-0.228210  0.620000  0.140000
-0.245585  0.620000  0.160000
-0.259539  0.620000  0.180000
-0.270456  0.620000  0.200000
-0.278841  0.620000  0.220000
-0.285211  0.620000  0.240000
-0.290033  0.620000  0.260000
-0.293695  0.620000  0.280000
-0.296499  0.620000  0.300000
-0.298659  0.620000  0.320000
-0.300303  0.620000  0.340000
-0.301494  0.620000  0.360000
-0.302248  0.620000  0.380000
-0.302657  0.620000  0.400000
-0.302824  0.620000  0.420000
-0.302843  0.620000  0.440000
-0.302795  0.620000  0.460000
-0.302741  0.620000  0.480000
-0.302718  0.620000  0.500000
-0.302739  0.620000  0.520000
-0.302792  0.620000  0.540000
-0.302842  0.620000  0.560000
-0.302829  0.620000  0.580000
-0.302676  0.620000  0.600000
-0.302295  0.620000  0.620000
-0.301591  0.620000  0.640000
-0.300487  0.620000  0.660000
-0.298991  0.620000  0.680000
-0.297076  0.620000  0.700000
-0.294670  0.620000  0.720000
-0.291645  0.620000  0.740000
-0.287828  0.620000  0.760000
-0.283015  0.620000  0.780000
-0.276995  0.620000  0.800000
-0.269587  0.620000  0.820000
-0.260692  0.620000  0.840000
-0.250362  0.620000  0.860000
-0.238882  0.620000  0.880000
-0.226824  0.620000  0.900000
-0.215067  0.620000  0.920000
-0.204724  0.620000  0.940000
-0.196972  0.620000  0.960000
-0.192807  0.620000  0.980000

-0.046070  0.640000  0.000000
-0.056922  0.640000  0.020000
-0.077005  0.640000  0.040000
-0.103522  0.640000  0.060000
-0.133210  0.640000  0.080000
-0.163052  0.640000  0.100000
-0.190776  0.640000  0.120000
-0.215024  0.640000  0.140000
-0.235263  0.640000  0.160000
-0.251560  0.640000  0.180000
-0.264334  0.640000  0.200000
-0.274153  0.640000  0.220000
-0.281608  0.640000  0.240000
-0.287236  0.640000  0.260000
-0.291485  0.640000  0.280000
-0.294713  0.640000  0.300000
-0.297184  0.640000  0.320000
-0.299082  0.640000  0.340000
-0.300521  0.640000  0.360000
-0.301526  0.640000  0.380000
-0.302182  0.640000  0.400000
-0.302563  0.640000  0.420000
-0.302747  0.640000  0.440000
-0.302814  0.640000  0.460000
-0.302828  0.640000  0.480000
-0.302827  0.640000  0.500000
-0.302827  0.640000  0.520000
-0.302815  0.640000  0.540000
-0.302751  0.640000  0.560000
-0.302575  0.640000  0.580000
-0.302213  0.640000  0.600000
-0.301591  0.640000  0.620000
-0.300645  0.640000  0.640000
-0.299308  0.640000  0.660000
-0.297579  0.640000  0.680000
-0.295385  0.640000  0.700000
-0.292605  0.640000  0.720000
-0.289068  0.640000  0.740000
-0.284559  0.640000  0.760000
-0.278830  0.640000  0.780000
-0.271628  0.640000  0.800000
-0.262731  0.640000  0.820000
-0.252016  0.640000  0.840000
-0.239543  0.640000  0.860000
-0.225651  0.640000  0.880000
-0.211036  0.640000  0.900000
-0.196765  0.640000  0.920000
-0.184197  0.640000  0.940000
-0.174769  0.640000  0.960000
-0.169703  0.640000  0.980000

-0.003782  0.660000  0.000000
-0.016038  0.660000  0.020000
-0.038802  0.660000  0.040000
-0.069024  0.660000  0.060000
-0.103080  0.660000  0.080000
-0.137548  0.660000  0.100000
-0.169782  0.660000  0.120000
-0.198143  0.660000  0.140000
-0.221940  0.660000  0.160000
-0.241187  0.660000  0.180000
-0.256325  0.660000  0.200000
-0.267993  0.660000  0.220000
-0.276861  0.660000  0.240000
-0.283550  0.660000  0.260000
-0.288583  0.660000  0.280000
-0.292381  0.660000  0.300000
-0.295265  0.660000  0.320000
-0.297469  0.660000  0.340000
-0.299150  0.660000  0.360000
-0.300399  0.660000  0.380000
-0.301309  0.660000  0.400000
-0.301917  0.660000  0.420000
-0.302279  0.660000  0.440000
-0.302470  0.660000  0.460000
-0.302557  0.660000  0.480000
-0.302582  0.660000  0.500000
-0.302558  0.660000  0.520000
-0.302474  0.660000  0.540000
-0.302289  0.660000  0.560000
-0.301940  0.660000  0.580000
-0.301355  0.660000  0.600000
-0.300488  0.660000  0.620000
-0.299309  0.660000  0.640000
-0.297748  0.660000  0.660000
-0.295741  0.660000  0.680000
-0.293175  0.660000  0.700000
-0.289886  0.660000  0.720000
-0.285657  0.660000  0.740000
-0.280224  0.660000  0.760000
-0.273285  0.660000  0.780000
-0.264531  0.660000  0.800000
-0.253693  0.660000  0.820000
-0.240620  0.660000  0.840000
-0.225388  0.660000  0.860000
-0.208410  0.660000  0.880000
-0.190542  0.660000  0.900000
-0.173094  0.660000  0.920000
-0.157732  0.660000  0.940000
-0.146212  0.660000  0.960000
-0.140024  0.660000  0.980000

0.045585  0.680000  0.000000
0.031923  0.680000  0.020000
0.006419  0.680000  0.040000
-0.027699  0.680000  0.060000
-0.066499  0.680000  0.080000
-0.106156  0.680000  0.100000
-0.143600  0.680000  0.120000
-0.176839  0.680000  0.140000
-0.204948  0.680000  0.160000
-0.227837  0.680000  0.180000
-0.245942  0.680000  0.200000
-0.259958  0.680000  0.220000
-0.270646  0.680000  0.240000
-0.278718  0.680000  0.260000
-0.284786  0.680000  0.280000
-0.289347  0.680000  0.300000
-0.292787  0.680000  0.320000
-0.295394  0.680000  0.340000
-0.297374  0.680000  0.360000
-0.298873  0.680000  0.380000
-0.299999  0.680000  0.400000
-0.300815  0.680000  0.420000
-0.301344  0.680000  0.440000
-0.301657  0.680000  0.460000
-0.301817  0.680000  0.480000
-0.301866  0.680000  0.500000
-0.301820  0.680000  0.520000
-0.301666  0.680000  0.540000
-0.301363  0.680000  0.560000
-0.300851  0.680000  0.580000
-0.300066  0.680000  0.600000
-0.298992  0.680000  0.620000
-0.297580  0.680000  0.640000
-0.295741  0.680000  0.660000
-0.293364  0.680000  0.680000
-0.290293  0.680000  0.700000
-0.286315  0.680000  0.720000
-0.281163  0.680000  0.740000
-0.274510  0.680000  0.760000
-0.265989  0.680000  0.780000
-0.255226  0.680000  0.800000
-0.241895  0.680000  0.820000
-0.225821  0.680000  0.840000
-0.207106  0.680000  0.860000
-0.186275  0.680000  0.880000
-0.164387  0.680000  0.900000
-0.143056  0.680000  0.920000
-0.124312  0.680000  0.940000
-0.110281  0.680000  0.960000
-0.102753  0.680000  0.980000

0.101302  0.700000  0.000000
0.086379  0.700000  0.020000
0.058340  0.700000  0.040000
0.020459  0.700000  0.060000
-0.023147  0.700000  0.080000
-0.068307  0.700000  0.100000
-0.111509  0.700000  0.120000
-0.150334  0.700000  0.140000
-0.183530  0.700000  0.160000
-0.210821  0.700000  0.180000
-0.232585  0.700000  0.200000
-0.249547  0.700000  0.220000
-0.262549  0.700000  0.240000
-0.272405  0.700000  0.260000
-0.279826  0.700000  0.280000
-0.285400  0.700000  0.300000
-0.289588  0.700000  0.320000
-0.292742  0.700000  0.340000
-0.295123  0.700000  0.360000
-0.296919  0.700000  0.380000
-0.298267  0.700000  0.400000
-0.299254  0.700000  0.420000
-0.299928  0.700000  0.440000
-0.300352  0.700000  0.460000
-0.300582  0.700000  0.480000
-0.300656  0.700000  0.500000
-0.300589  0.700000  0.520000
-0.300368  0.700000  0.540000
-0.299958  0.700000  0.560000
-0.299307  0.700000  0.580000
-0.298361  0.700000  0.600000
-0.297078  0.700000  0.620000
-0.295387  0.700000  0.640000
-0.293176  0.700000  0.660000
-0.290293  0.700000  0.680000
-0.286535  0.700000  0.700000
-0.281636  0.700000  0.720000
-0.275262  0.700000  0.740000
-0.267016  0.700000  0.760000
-0.256452  0.700000  0.780000
-0.243120  0.700000  0.800000
-0.226638  0.700000  0.820000
-0.206816  0.700000  0.840000
-0.183813  0.700000  0.860000
-0.158306  0.700000  0.880000
-0.131621  0.700000  0.900000
-0.105732  0.700000  0.920000
-0.083082  0.700000  0.940000
-0.066189  0.700000  0.960000
-0.057148  0.700000  0.980000

0.161936  0.720000  0.000000
0.146065  0.720000  0.020000
0.116008  0.720000  0.040000
0.074906  0.720000  0.060000
0.026871  0.720000  0.080000
-0.023714  0.720000  0.100000
-0.072934  0.720000  0.120000
-0.117885  0.720000  0.140000
-0.156886  0.720000  0.160000
-0.189364  0.720000  0.180000
-0.215550  0.720000  0.200000
-0.236149  0.720000  0.220000
-0.252060  0.720000  0.240000
-0.264191  0.720000  0.260000
-0.273364  0.720000  0.280000
-0.280266  0.720000  0.300000
-0.285450  0.720000  0.320000
-0.289344  0.720000  0.340000
-0.292269  0.720000  0.360000
-0.294463  0.720000  0.380000
-0.296098  0.720000  0.400000
-0.297293  0.720000  0.420000
-0.298127  0.720000  0.440000
-0.298669  0.720000  0.460000
-0.298973  0.720000  0.480000
-0.299073  0.720000  0.500000
-0.298983  0.720000  0.520000
-0.298694  0.720000  0.540000
-0.298172  0.720000  0.560000
-0.297369  0.720000  0.580000
-0.296226  0.720000  0.600000
-0.294672  0.720000  0.620000
-0.292607  0.720000  0.640000
-0.289887  0.720000  0.660000
-0.286317  0.720000  0.680000
-0.281637  0.720000  0.700000
-0.275517  0.720000  0.720000
-0.267547  0.720000  0.740000
-0.257243  0.720000  0.760000
-0.244073  0.720000  0.780000
-0.227507  0.720000  0.800000
-0.207117  0.720000  0.820000
-0.182725  0.720000  0.840000
-0.154593  0.720000  0.860000
-0.123619  0.720000  0.880000
-0.091458  0.720000  0.900000
-0.060499  0.720000  0.920000
-0.033607  0.720000  0.940000
-0.013669  0.720000  0.960000
-0.003040  0.720000  0.980000

0.225420  0.740000  0.000000
0.209062  0.740000  0.020000
0.177802  0.740000  0.040000
0.134451  0.740000  0.060000
0.082875  0.740000  0.080000
0.027455  0.740000  0.100000
-0.027602  0.740000  0.120000
-0.078910  0.740000  0.140000
-0.124262  0.740000  0.160000
-0.162656  0.740000  0.180000
-0.194059  0.740000  0.200000
-0.219061  0.740000  0.220000
-0.238570  0.740000  0.240000
-0.253567  0.740000  0.260000
-0.264979  0.740000  0.280000
-0.273605  0.740000  0.300000
-0.280099  0.740000  0.320000
-0.284979  0.740000  0.340000
-0.288638  0.740000  0.360000
-0.291374  0.740000  0.380000
-0.293405  0.740000  0.400000
-0.294886  0.740000  0.420000
-0.295929  0.740000  0.440000
-0.296616  0.740000  0.460000
-0.297006  0.740000  0.480000
-0.297137  0.740000  0.500000
-0.297022  0.740000  0.520000
-0.296651  0.740000  0.540000
-0.295992  0.740000  0.560000
-0.294992  0.740000  0.580000
-0.293576  0.740000  0.600000
-0.291648  0.740000  0.620000
-0.289071  0.740000  0.640000
-0.285659  0.740000  0.660000
-0.281165  0.740000  0.680000
-0.275264  0.740000  0.700000
-0.267548  0.740000  0.720000
-0.257517  0.740000  0.740000
-0.244593  0.740000  0.760000
-0.228151  0.740000  0.780000
-0.207591  0.740000  0.800000
-0.182467  0.740000  0.820000
-0.152667  0.740000  0.840000
-0.118631  0.740000  0.860000
-0.081558  0.740000  0.880000
-0.043504  0.740000  0.900000
-0.007287  0.740000  0.920000
0.023845  0.740000  0.940000
0.046731  0.740000  0.960000
0.058865  0.740000  0.980000

0.289299  0.760000  0.000000
0.273002  0.760000  0.020000
0.241558  0.760000  0.040000
0.197275  0.760000  0.060000
0.143526  0.760000  0.080000
0.084430  0.760000  0.100000
0.024272  0.760000  0.120000
-0.033158  0.760000  0.140000
-0.085088  0.760000  0.160000
-0.129960  0.760000  0.180000
-0.167322  0.760000  0.200000
-0.197527  0.760000  0.220000
-0.221398  0.760000  0.240000
-0.239944  0.760000  0.260000
-0.254178  0.760000  0.280000
-0.265009  0.760000  0.300000
-0.273202  0.760000  0.320000
-0.279376  0.760000  0.340000
-0.284012  0.760000  0.360000
-0.287477  0.760000  0.380000
-0.290046  0.760000  0.400000
-0.291919  0.760000  0.420000
-0.293241  0.760000  0.440000
-0.294118  0.760000  0.460000
-0.294620  0.760000  0.480000
-0.294790  0.760000  0.500000
-0.294643  0.760000  0.520000
-0.294169  0.760000  0.540000
-0.293330  0.760000  0.560000
-0.292062  0.760000  0.580000
-0.290273  0.760000  0.600000
-0.287832  0.760000  0.620000
-0.284563  0.760000  0.640000
-0.280227  0.760000  0.660000
-0.274513  0.760000  0.680000
-0.267019  0.760000  0.700000
-0.257246  0.760000  0.720000
-0.244595  0.760000  0.740000
-0.228387  0.760000  0.760000
-0.207915  0.760000  0.780000
-0.182541  0.760000  0.800000
-0.151856  0.760000  0.820000
-0.115898  0.760000  0.840000
-0.075391  0.760000  0.860000
-0.031927  0.760000  0.880000
0.011996  0.760000  0.900000
0.053163  0.760000  0.920000
0.088067  0.760000  0.940000
0.113444  0.760000  0.960000
0.126804  0.760000  0.980000

0.351090  0.780000  0.000000
0.335406  0.780000  0.020000
0.304842  0.780000  0.040000
0.261105  0.780000  0.060000
0.206886  0.780000  0.080000
0.145765  0.780000  0.100000
0.081834  0.780000  0.120000
0.019091  0.780000  0.140000
-0.039172  0.780000  0.160000
-0.090762  0.780000  0.180000
-0.134658  0.780000  0.200000
-0.170816  0.780000  0.220000
-0.199844  0.780000  0.240000
-0.222695  0.780000  0.260000
-0.240421  0.780000  0.280000
-0.254024  0.780000  0.300000
-0.264384  0.780000  0.320000
-0.272228  0.780000  0.340000
-0.278138  0.780000  0.360000
-0.282563  0.780000  0.380000
-0.285847  0.780000  0.400000
-0.288244  0.780000  0.420000
-0.289940  0.780000  0.440000
-0.291067  0.780000  0.460000
-0.291715  0.780000  0.480000
-0.291935  0.780000  0.500000
-0.291747  0.780000  0.520000
-0.291137  0.780000  0.540000
-0.290060  0.780000  0.560000
-0.288435  0.780000  0.580000
-0.286145  0.780000  0.600000
-0.283020  0.780000  0.620000
-0.278836  0.780000  0.640000
-0.273290  0.780000  0.660000
-0.265995  0.780000  0.680000
-0.256458  0.780000  0.700000
-0.244078  0.780000  0.720000
-0.228155  0.780000  0.740000
-0.207918  0.780000  0.760000
-0.182607  0.780000  0.780000
-0.151605  0.780000  0.800000
-0.114638  0.780000  0.820000
-0.072012  0.780000  0.840000
-0.024852  0.780000  0.860000
0.024779  0.780000  0.880000
0.073949  0.780000  0.900000
0.119167  0.780000  0.920000
0.156865  0.780000  0.940000
0.183916  0.780000  0.960000
0.198038  0.780000  0.980000

0.408653  0.800000  0.000000
0.394045  0.800000  0.020000
0.365302  0.800000  0.040000
0.323517  0.800000  0.060000
0.270606  0.800000  0.080000
0.209403  0.800000  0.100000
0.143514  0.800000  0.120000
0.076865  0.800000  0.140000
0.013096  0.800000  0.160000
-0.044983  0.800000  0.180000
-0.095674  0.800000  0.200000
-0.138366  0.800000  0.220000
-0.173295  0.800000  0.240000
-0.201228  0.800000  0.260000
-0.223176  0.800000  0.280000
-0.240196  0.800000  0.300000
-0.253264  0.800000  0.320000
-0.263221  0.800000  0.340000
-0.270757  0.800000  0.360000
-0.276419  0.800000  0.380000
-0.280629  0.800000  0.400000
-0.283708  0.800000  0.420000
-0.285890  0.800000  0.440000
-0.287343  0.800000  0.460000
-0.288179  0.800000  0.480000
-0.288465  0.800000  0.500000
-0.288223  0.800000  0.520000
-0.287437  0.800000  0.540000
-0.286050  0.800000  0.560000
-0.283960  0.800000  0.580000
-0.281015  0.800000  0.600000
-0.277003  0.800000  0.620000
-0.271635  0.800000  0.640000
-0.264539  0.800000  0.660000
-0.255234  0.800000  0.680000
-0.243128  0.800000  0.700000
-0.227515  0.800000  0.720000
-0.207598  0.800000  0.740000
-0.182546  0.800000  0.760000
-0.151609  0.800000  0.780000
-0.114287  0.800000  0.800000
-0.070570  0.800000  0.820000
-0.021174  0.800000  0.840000
0.032269  0.800000  0.860000
0.087203  0.800000  0.880000
0.140358  0.800000  0.900000
0.188174  0.800000  0.920000
0.227285  0.800000  0.940000
0.254940  0.800000  0.960000
0.269244  0.800000  0.980000

0.460436  0.820000  0.000000
0.447219  0.820000  0.020000
0.420980  0.820000  0.040000
0.382269  0.820000  0.060000
0.332242  0.820000  0.080000
0.272893  0.820000  0.100000
0.207106  0.820000  0.120000
0.138428  0.820000  0.140000
0.070566  0.820000  0.160000
0.006801  0.820000  0.180000
-0.050485  0.820000  0.200000
-0.099985  0.820000  0.220000
-0.141389  0.820000  0.240000
-0.175116  0.820000  0.260000
-0.202023  0.820000  0.280000
-0.223143  0.820000  0.300000
-0.239515  0.820000  0.320000
-0.252082  0.820000  0.340000
-0.261645  0.820000  0.360000
-0.268859  0.820000  0.380000
-0.274240  0.820000  0.400000
-0.278182  0.820000  0.420000
-0.280981  0.820000  0.440000
-0.282847  0.820000  0.460000
-0.283922  0.820000  0.480000
-0.284290  0.820000  0.500000
-0.283980  0.820000  0.520000
-0.282970  0.820000  0.540000
-0.281189  0.820000  0.560000
-0.278508  0.820000  0.580000
-0.274733  0.820000  0.600000
-0.269597  0.820000  0.620000
-0.262741  0.820000  0.640000
-0.253703  0.820000  0.660000
-0.241906  0.820000  0.680000
-0.226649  0.820000  0.700000
-0.207128  0.820000  0.720000
-0.182478  0.820000  0.740000
-0.151866  0.820000  0.760000
-0.114646  0.820000  0.780000
-0.070574  0.820000  0.800000
-0.020054  0.820000  0.820000
0.035657  0.820000  0.840000
0.094373  0.820000  0.860000
0.153118  0.820000  0.880000
0.208486  0.820000  0.900000
0.257107  0.820000  0.920000
0.296076  0.820000  0.940000
0.323211  0.820000  0.960000
0.337113  0.820000  0.980000

0.505558  0.840000  0.000000
0.493879  0.840000  0.020000
0.470510  0.840000  0.040000
0.435575  0.840000  0.060000
0.389581  0.840000  0.080000
0.333708  0.840000  0.100000
0.270006  0.840000  0.120000
0.201377  0.840000  0.140000
0.131277  0.840000  0.160000
0.063186  0.840000  0.180000
0.000055  0.840000  0.200000
-0.056082  0.840000  0.220000
-0.104228  0.840000  0.240000
-0.144287  0.840000  0.260000
-0.176804  0.840000  0.280000
-0.202684  0.840000  0.300000
-0.222965  0.840000  0.320000
-0.238660  0.840000  0.340000
-0.250678  0.840000  0.360000
-0.259785  0.840000  0.380000
-0.266598  0.840000  0.400000
-0.271601  0.840000  0.420000
-0.275158  0.840000  0.440000
-0.277532  0.840000  0.460000
-0.278901  0.840000  0.480000
-0.279370  0.840000  0.500000
-0.278975  0.840000  0.520000
-0.277691  0.840000  0.540000
-0.275425  0.840000  0.560000
-0.272015  0.840000  0.580000
-0.267219  0.840000  0.600000
-0.260704  0.840000  0.620000
-0.252029  0.840000  0.640000
-0.240634  0.840000  0.660000
-0.225835  0.840000  0.680000
-0.206831  0.840000  0.700000
-0.182741  0.840000  0.720000
-0.152683  0.840000  0.740000
-0.115914  0.840000  0.760000
-0.072026  0.840000  0.780000
-0.021184  0.840000  0.800000
0.035651  0.840000  0.820000
0.096615  0.840000  0.840000
0.159020  0.840000  0.860000
0.219654  0.840000  0.880000
0.275237  0.840000  0.900000
0.322856  0.840000  0.920000
0.360253  0.840000  0.940000
0.385902  0.840000  0.960000
0.398922  0.840000  0.980000

0.543738  0.860000  0.000000
0.533590  0.860000  0.020000
0.513151  0.860000  0.040000
0.482249  0.860000  0.060000
0.440900  0.860000  0.080000
0.389593  0.860000  0.100000
0.329557  0.860000  0.120000
0.262912  0.860000  0.140000
0.192578  0.860000  0.160000
0.121918  0.860000  0.180000
0.054207  0.860000  0.200000
-0.007885  0.860000  0.220000
-0.062616  0.860000  0.240000
-0.109234  0.860000  0.260000
-0.147813  0.860000  0.280000
-0.178996  0.860000  0.300000
-0.203725  0.860000  0.320000
-0.223036  0.860000  0.340000
-0.237920  0.860000  0.360000
-0.249250  0.860000  0.380000
-0.257754  0.860000  0.400000
-0.264012  0.860000  0.420000
-0.268466  0.860000  0.440000
-0.271442  0.860000  0.460000
-0.273160  0.860000  0.480000
-0.273748  0.860000  0.500000
-0.273254  0.860000  0.520000
-0.271643  0.860000  0.540000
-0.268801  0.860000  0.560000
-0.264528  0.860000  0.580000
-0.258522  0.860000  0.600000
-0.250377  0.860000  0.620000
-0.239559  0.860000  0.640000
-0.225405  0.860000  0.660000
-0.207125  0.860000  0.680000
-0.183833  0.860000  0.700000
-0.154614  0.860000  0.720000
-0.118653  0.860000  0.740000
-0.075413  0.860000  0.760000
-0.024872  0.860000  0.780000
0.032252  0.860000  0.800000
0.094360  0.860000  0.820000
0.159013  0.860000  0.840000
0.223185  0.860000  0.860000
0.283692  0.860000  0.880000
0.337643  0.860000  0.900000
0.382768  0.860000  0.920000
0.417529  0.860000  0.940000
0.441038  0.860000  0.960000
0.452870  0.860000  0.980000

0.575134  0.880000  0.000000
0.566395  0.880000  0.020000
0.548700  0.880000  0.040000
0.521700  0.880000  0.060000
0.485080  0.880000  0.080000
0.438807  0.880000  0.100000
0.383409  0.880000  0.120000
0.320214  0.880000  0.140000
0.251445  0.880000  0.160000
0.180063  0.880000  0.180000
0.109369  0.880000  0.200000
0.042464  0.880000  0.220000
-0.018226  0.880000  0.240000
-0.071221  0.880000  0.260000
-0.115996  0.880000  0.280000
-0.152789  0.880000  0.300000
-0.182341  0.880000  0.320000
-0.205638  0.880000  0.340000
-0.223716  0.880000  0.360000
-0.237543  0.880000  0.380000
-0.247954  0.880000  0.400000
-0.255629  0.880000  0.420000
-0.261099  0.880000  0.440000
-0.264756  0.880000  0.460000
-0.266868  0.880000  0.480000
-0.267591  0.880000  0.500000
-0.266983  0.880000  0.520000
-0.265003  0.880000  0.540000
-0.261510  0.880000  0.560000
-0.256258  0.880000  0.580000
-0.248885  0.880000  0.600000
-0.238899  0.880000  0.620000
-0.225670  0.880000  0.640000
-0.208431  0.880000  0.660000
-0.186298  0.880000  0.680000
-0.158331  0.880000  0.700000
-0.123646  0.880000  0.720000
-0.081587  0.880000  0.740000
-0.031956  0.880000  0.760000
0.024751  0.880000  0.780000
0.087177  0.880000  0.800000
0.153098  0.880000  0.820000
0.219640  0.880000  0.840000
0.283685  0.880000  0.860000
0.342334  0.880000  0.880000
0.393278  0.880000  0.900000
0.434957  0.880000  0.920000
0.466510  0.880000  0.940000
0.487586  0.880000  0.960000
0.498115  0.880000  0.980000

0.600166  0.900000  0.000000
0.592639  0.900000  0.020000
0.577337  0.900000  0.040000
0.553820  0.900000  0.060000
0.521580  0.900000  0.080000
0.480230  0.900000  0.100000
0.429762  0.900000  0.120000
0.370816  0.900000  0.140000
0.304889  0.900000  0.160000
0.234370  0.900000  0.180000
0.162318  0.900000  0.200000
0.092008  0.900000  0.220000
0.026390  0.900000  0.240000
-0.032364  0.900000  0.260000
-0.083060  0.900000  0.280000
-0.125429  0.900000  0.300000
-0.159904  0.900000  0.320000
-0.187343  0.900000  0.340000
-0.208780  0.900000  0.360000
-0.225250  0.900000  0.380000
-0.237687  0.900000  0.400000
-0.246873  0.900000  0.420000
-0.253427  0.900000  0.440000
-0.257810  0.900000  0.460000
-0.260341  0.900000  0.480000
-0.261209  0.900000  0.500000
-0.260480  0.900000  0.520000
-0.258105  0.900000  0.540000
-0.253917  0.900000  0.560000
-0.247621  0.900000  0.580000
-0.238789  0.900000  0.600000
-0.226843  0.900000  0.620000
-0.211057  0.900000  0.640000
-0.190566  0.900000  0.660000
-0.164414  0.900000  0.680000
-0.131651  0.900000  0.700000
-0.091492  0.900000  0.720000
-0.043541  0.900000  0.740000
0.011958  0.900000  0.760000
0.073912  0.900000  0.780000
0.140325  0.900000  0.800000
0.208458  0.900000  0.820000
0.275217  0.900000  0.840000
0.337630  0.900000  0.860000
0.393273  0.900000  0.880000
0.440485  0.900000  0.900000
0.478371  0.900000  0.920000
0.506627  0.900000  0.940000
0.525305  0.900000  0.960000
0.534578  0.900000  0.980000

0.619361  0.920000  0.000000
0.612812  0.920000  0.020000
0.599458  0.920000  0.040000
0.578826  0.920000  0.060000
0.550310  0.920000  0.080000
0.513311  0.920000  0.100000
0.467452  0.920000  0.120000
0.412840  0.920000  0.140000
0.350332  0.920000  0.160000
0.281707  0.920000  0.180000
0.209623  0.920000  0.200000
0.137301  0.920000  0.220000
0.068005  0.920000  0.240000
0.004478  0.920000  0.260000
-0.051443  0.920000  0.280000
-0.098938  0.920000  0.300000
-0.138066  0.920000  0.320000
-0.169492  0.920000  0.340000
-0.194201  0.920000  0.360000
-0.213266  0.920000  0.380000
-0.227700  0.920000  0.400000
-0.238377  0.920000  0.420000
-0.246000  0.920000  0.440000
-0.251101  0.920000  0.460000
-0.254047  0.920000  0.480000
-0.255057  0.920000  0.500000
-0.254208  0.920000  0.520000
-0.251444  0.920000  0.540000
-0.246568  0.920000  0.560000
-0.239241  0.920000  0.580000
-0.228967  0.920000  0.600000
-0.215088  0.920000  0.620000
-0.196788  0.920000  0.640000
-0.173121  0.920000  0.660000
-0.143087  0.920000  0.680000
-0.105768  0.920000  0.700000
-0.060539  0.920000  0.720000
-0.007331  0.920000  0.740000
0.053117  0.920000  0.760000
0.119121  0.920000  0.780000
0.188133  0.920000  0.800000
0.257072  0.920000  0.820000
0.322830  0.920000  0.840000
0.382750  0.920000  0.860000
0.434947  0.920000  0.880000
0.478366  0.920000  0.900000
0.512655  0.920000  0.920000
0.537921  0.920000  0.940000
0.554482  0.920000  0.960000
0.562664  0.920000  0.980000

0.633238  0.940000  0.000000
0.627417  0.940000  0.020000
0.615526  0.940000  0.040000
0.597088  0.940000  0.060000
0.571458  0.940000  0.080000
0.537923  0.940000  0.100000
0.495875  0.940000  0.120000
0.445053  0.940000  0.140000
0.385823  0.940000  0.160000
0.319433  0.940000  0.180000
0.248108  0.940000  0.200000
0.174881  0.940000  0.220000
0.103146  0.940000  0.240000
0.036047  0.940000  0.260000
-0.024044  0.940000  0.280000
-0.075799  0.940000  0.300000
-0.118897  0.940000  0.320000
-0.153785  0.940000  0.340000
-0.181367  0.940000  0.360000
-0.202724  0.940000  0.380000
-0.218930  0.940000  0.400000
-0.230932  0.940000  0.420000
-0.239506  0.940000  0.440000
-0.245245  0.940000  0.460000
-0.248560  0.940000  0.480000
-0.249696  0.940000  0.500000
-0.248741  0.940000  0.520000
-0.245630  0.940000  0.540000
-0.240143  0.940000  0.560000
-0.231898  0.940000  0.580000
-0.220342  0.940000  0.600000
-0.204746  0.940000  0.620000
-0.184222  0.940000  0.640000
-0.157761  0.940000  0.660000
-0.124346  0.940000  0.680000
-0.083122  0.940000  0.700000
-0.033652  0.940000  0.720000
0.023794  0.940000  0.740000
0.088013  0.940000  0.760000
0.156812  0.940000  0.780000
0.227237  0.940000  0.800000
0.296036  0.940000  0.820000
0.360222  0.940000  0.840000
0.417508  0.940000  0.860000
0.466496  0.940000  0.880000
0.506620  0.940000  0.900000
0.537918  0.940000  0.920000
0.560768  0.940000  0.940000
0.575653  0.940000  0.960000
0.582981  0.940000  0.980000

0.642231  0.960000  0.000000
0.636891  0.960000  0.020000
0.625970  0.960000  0.040000
0.608998  0.960000  0.060000
0.585321  0.960000  0.080000
0.554173  0.960000  0.100000
0.514819  0.960000  0.120000
0.466772  0.960000  0.140000
0.410076  0.960000  0.160000
0.345599  0.960000  0.180000
0.275214  0.960000  0.200000
0.201752  0.960000  0.220000
0.128619  0.960000  0.240000
0.059198  0.960000  0.260000
-0.003768  0.960000  0.280000
-0.058564  0.960000  0.300000
-0.104560  0.960000  0.320000
-0.142013  0.960000  0.340000
-0.171742  0.960000  0.360000
-0.194823  0.960000  0.380000
-0.212364  0.960000  0.400000
-0.225367  0.960000  0.420000
-0.234660  0.960000  0.440000
-0.240881  0.960000  0.460000
-0.244474  0.960000  0.480000
-0.245706  0.960000  0.500000
-0.244670  0.960000  0.520000
-0.241297  0.960000  0.540000
-0.235348  0.960000  0.560000
-0.226409  0.960000  0.580000
-0.213885  0.960000  0.600000
-0.196994  0.960000  0.620000
-0.174795  0.960000  0.640000
-0.146242  0.960000  0.660000
-0.110317  0.960000  0.680000
-0.066232  0.960000  0.700000
-0.013719  0.960000  0.720000
0.046675  0.960000  0.740000
0.113385  0.960000  0.760000
0.183858  0.960000  0.780000
0.254887  0.960000  0.800000
0.323168  0.960000  0.820000
0.385869  0.960000  0.840000
0.441015  0.960000  0.860000
0.487570  0.960000  0.880000
0.525296  0.960000  0.900000
0.554477  0.960000  0.920000
0.575651  0.960000  0.940000
0.589386  0.960000  0.960000
0.596132  0.960000  0.980000

0.646649  0.980000  0.000000
0.641547  0.980000  0.020000
0.631107  0.980000  0.040000
0.614868  0.980000  0.060000
0.592173  0.980000  0.080000
0.562238  0.980000  0.100000
0.524272  0.980000  0.120000
0.477684  0.980000  0.140000
0.422361  0.980000  0.160000
0.358972  0.980000  0.180000
0.289202  0.980000  0.200000
0.215749  0.980000  0.220000
0.142004  0.980000  0.240000
0.071454  0.980000  0.260000
0.007029  0.980000  0.280000
-0.049347  0.980000  0.300000
-0.096872  0.980000  0.320000
-0.135691  0.980000  0.340000
-0.166571  0.980000  0.360000
-0.190579  0.980000  0.380000
-0.208840  0.980000  0.400000
-0.222383  0.980000  0.420000
-0.232064  0.980000  0.440000
-0.238545  0.980000  0.460000
-0.242289  0.980000  0.480000
-0.243572  0.980000  0.500000
-0.242493  0.980000  0.520000
-0.238979  0.980000  0.540000
-0.232780  0.980000  0.560000
-0.223466  0.980000  0.580000
-0.210419  0.980000  0.600000
-0.192830  0.980000  0.620000
-0.169729  0.980000  0.640000
-0.140055  0.980000  0.660000
-0.102790  0.980000  0.680000
-0.057193  0.980000  0.700000
-0.003092  0.980000  0.720000
0.058806  0.980000  0.740000
0.126741  0.980000  0.760000
0.197976  0.980000  0.780000
0.269188  0.980000  0.800000
0.337067  0.980000  0.820000
0.398887  0.980000  0.840000
0.452846  0.980000  0.860000
0.498099  0.980000  0.880000
0.534569  0.980000  0.900000
0.562659  0.980000  0.920000
0.582978  0.980000  0.940000
0.596131  0.980000  0.960000
0.602583  0.980000  0.980000

