0.300800 
0.761182  0.000000  0.000000
0.754705  0.000000  0.040000
0.741417  0.000000  0.080000
0.720598  0.000000  0.120000
0.691094  0.000000  0.160000
0.651448  0.000000  0.200000
0.600429  0.000000  0.240000
0.538066  0.000000  0.280000
0.466908  0.000000  0.320000
0.392681  0.000000  0.360000
0.323485  0.000000  0.400000
0.267663  0.000000  0.440000
0.231693  0.000000  0.480000
0.219314  0.000000  0.520000
0.231693  0.000000  0.560000
0.267663  0.000000  0.600000
0.323485  0.000000  0.640000
0.392681  0.000000  0.680000
0.466908  0.000000  0.720000
0.538066  0.000000  0.760000
0.600429  0.000000  0.800000
0.651448  0.000000  0.840000
0.691094  0.000000  0.880000
0.720598  0.000000  0.920000
0.741417  0.000000  0.960000
0.754705  0.000000  1.000000
0.761182  0.000000  1.040000

0.754710  0.040000  0.000000
0.747335  0.040000  0.040000
0.732002  0.040000  0.080000
0.707508  0.040000  0.120000
0.672064  0.040000  0.160000
0.623674  0.040000  0.200000
0.561131  0.040000  0.240000
0.485549  0.040000  0.280000
0.401634  0.040000  0.320000
0.317466  0.040000  0.360000
0.242373  0.040000  0.400000
0.184199  0.040000  0.440000
0.147841  0.040000  0.480000
0.135529  0.040000  0.520000
0.147841  0.040000  0.560000
0.184199  0.040000  0.600000
0.242373  0.040000  0.640000
0.317466  0.040000  0.680000
0.401634  0.040000  0.720000
0.485549  0.040000  0.760000
0.561131  0.040000  0.800000
0.623674  0.040000  0.840000
0.672064  0.040000  0.880000
0.707508  0.040000  0.920000
0.732002  0.040000  0.960000
0.747335  0.040000  1.000000
0.754710  0.040000  1.040000

0.741435  0.080000  0.000000
0.732015  0.080000  0.040000
0.712037  0.080000  0.080000
0.679258  0.080000  0.120000
0.630682  0.080000  0.160000
0.563725  0.080000  0.200000
0.478399  0.080000  0.240000
0.379538  0.080000  0.280000
0.276932  0.080000  0.320000
0.182212  0.080000  0.360000
0.104582  0.080000  0.400000
0.048708  0.080000  0.440000
0.015584  0.080000  0.480000
0.004669  0.080000  0.520000
0.015584  0.080000  0.560000
0.048708  0.080000  0.600000
0.104582  0.080000  0.640000
0.182212  0.080000  0.680000
0.276932  0.080000  0.720000
0.379538  0.080000  0.760000
0.478399  0.080000  0.800000
0.563725  0.080000  0.840000
0.630682  0.080000  0.880000
0.679258  0.080000  0.920000
0.712037  0.080000  0.960000
0.732015  0.080000  1.000000
0.741435  0.080000  1.040000

0.720639  0.120000  0.000000
0.707547  0.120000  0.040000
0.679286  0.120000  0.080000
0.632046  0.120000  0.120000
0.561622  0.120000  0.160000
0.466494  0.120000  0.200000
0.351782  0.120000  0.240000
0.230341  0.120000  0.280000
0.117955  0.120000  0.320000
0.026046  0.120000  0.360000
-0.041463  0.120000  0.400000
-0.086046  0.120000  0.440000
-0.110996  0.120000  0.480000
-0.118986  0.120000  0.520000
-0.110996  0.120000  0.560000
-0.086046  0.120000  0.600000
-0.041463  0.120000  0.640000
0.026046  0.120000  0.680000
0.117955  0.120000  0.720000
0.230341  0.120000  0.760000
0.351782  0.120000  0.800000
0.466494  0.120000  0.840000
0.561622  0.120000  0.880000
0.632046  0.120000  0.920000
0.679286  0.120000  0.960000
0.707547  0.120000  1.000000
0.720639  0.120000  1.040000

0.691177  0.160000  0.000000
0.672148  0.160000  0.040000
0.630758  0.160000  0.080000
0.561670  0.160000  0.120000
0.461351  0.160000  0.160000
0.334314  0.160000  0.200000
0.196574  0.160000  0.240000
0.069405  0.160000  0.280000
-0.032439  0.160000  0.320000
-0.105572  0.160000  0.360000
-0.154024  0.160000  0.400000
-0.183743  0.160000  0.440000
-0.199615  0.160000  0.480000
-0.204584  0.160000  0.520000
-0.199615  0.160000  0.560000
-0.183743  0.160000  0.600000
-0.154024  0.160000  0.640000
-0.105572  0.160000  0.680000
-0.032439  0.160000  0.720000
0.069405  0.160000  0.760000
0.196574  0.160000  0.800000
0.334314  0.160000  0.840000
0.461351  0.160000  0.880000
0.561670  0.160000  0.920000
0.630758  0.160000  0.960000
0.672148  0.160000  1.000000
0.691177  0.160000  1.040000

0.651600  0.200000  0.000000
0.623829  0.200000  0.040000
0.563871  0.200000  0.080000
0.466600  0.200000  0.120000
0.334362  0.200000  0.160000
0.184552  0.200000  0.200000
0.044310  0.200000  0.240000
-0.066500  0.200000  0.280000
-0.143787  0.200000  0.320000
-0.193576  0.200000  0.360000
-0.224054  0.200000  0.400000
-0.241761  0.200000  0.440000
-0.250899  0.200000  0.480000
-0.253713  0.200000  0.520000
-0.250899  0.200000  0.560000
-0.241761  0.200000  0.600000
-0.224054  0.200000  0.640000
-0.193576  0.200000  0.680000
-0.143787  0.200000  0.720000
-0.066500  0.200000  0.760000
0.044310  0.200000  0.800000
0.184552  0.200000  0.840000
0.334362  0.200000  0.880000
0.466600  0.200000  0.920000
0.563871  0.200000  0.960000
0.623829  0.200000  1.000000
0.651600  0.200000  1.040000

0.600682  0.240000  0.000000
0.561383  0.240000  0.040000
0.478621  0.240000  0.080000
0.351933  0.240000  0.120000
0.196658  0.240000  0.160000
0.044352  0.240000  0.200000
-0.077480  0.240000  0.240000
-0.161168  0.240000  0.280000
-0.213499  0.240000  0.320000
-0.244627  0.240000  0.360000
-0.262638  0.240000  0.400000
-0.272704  0.240000  0.440000
-0.277765  0.240000  0.480000
-0.279302  0.240000  0.520000
-0.277765  0.240000  0.560000
-0.272704  0.240000  0.600000
-0.262638  0.240000  0.640000
-0.244627  0.240000  0.680000
-0.213499  0.240000  0.720000
-0.161168  0.240000  0.760000
-0.077480  0.240000  0.800000
0.044352  0.240000  0.840000
0.196658  0.240000  0.880000
0.351933  0.240000  0.920000
0.478621  0.240000  0.960000
0.561383  0.240000  1.000000
0.600682  0.240000  1.040000

0.538451  0.280000  0.000000
0.485911  0.280000  0.040000
0.379822  0.280000  0.080000
0.230522  0.280000  0.120000
0.069531  0.280000  0.160000
-0.066403  0.280000  0.200000
-0.161117  0.280000  0.240000
-0.219496  0.280000  0.280000
-0.253230  0.280000  0.320000
-0.272208  0.280000  0.360000
-0.282785  0.280000  0.400000
-0.288553  0.280000  0.440000
-0.291383  0.280000  0.480000
-0.292227  0.280000  0.520000
-0.291383  0.280000  0.560000
-0.288553  0.280000  0.600000
-0.282785  0.280000  0.640000
-0.272208  0.280000  0.680000
-0.253230  0.280000  0.720000
-0.219496  0.280000  0.760000
-0.161117  0.280000  0.800000
-0.066403  0.280000  0.840000
0.069531  0.280000  0.880000
0.230522  0.280000  0.920000
0.379822  0.280000  0.960000
0.485911  0.280000  1.000000
0.538451  0.280000  1.040000

0.467438  0.320000  0.000000
0.402094  0.320000  0.040000
0.277254  0.320000  0.080000
0.118171  0.320000  0.120000
-0.032252  0.320000  0.160000
-0.143635  0.320000  0.200000
-0.213410  0.320000  0.240000
-0.253196  0.320000  0.280000
-0.274968  0.320000  0.320000
-0.286802  0.320000  0.360000
-0.293301  0.320000  0.400000
-0.296844  0.320000  0.440000
-0.298501  0.320000  0.480000
-0.298971  0.320000  0.520000
-0.298501  0.320000  0.560000
-0.296844  0.320000  0.600000
-0.293301  0.320000  0.640000
-0.286802  0.320000  0.680000
-0.274968  0.320000  0.720000
-0.253196  0.320000  0.760000
-0.213410  0.320000  0.800000
-0.143635  0.320000  0.840000
-0.032252  0.320000  0.880000
0.118171  0.320000  0.920000
0.277254  0.320000  0.960000
0.402094  0.320000  1.000000
0.467438  0.320000  1.040000

0.393335  0.360000  0.000000
0.317993  0.360000  0.040000
0.182560  0.360000  0.080000
0.026312  0.360000  0.120000
-0.105324  0.360000  0.160000
-0.193389  0.360000  0.200000
-0.244519  0.360000  0.240000
-0.272159  0.360000  0.280000
-0.286785  0.360000  0.320000
-0.294649  0.360000  0.360000
-0.299004  0.360000  0.400000
-0.301380  0.360000  0.440000
-0.302324  0.360000  0.480000
-0.302549  0.360000  0.520000
-0.302324  0.360000  0.560000
-0.301380  0.360000  0.600000
-0.299004  0.360000  0.640000
-0.294649  0.360000  0.680000
-0.286785  0.360000  0.720000
-0.272159  0.360000  0.760000
-0.244519  0.360000  0.800000
-0.193389  0.360000  0.840000
-0.105324  0.360000  0.880000
0.026312  0.360000  0.920000
0.182560  0.360000  0.960000
0.317993  0.360000  1.000000
0.393335  0.360000  1.040000

0.324217  0.400000  0.000000
0.242929  0.400000  0.040000
0.104953  0.400000  0.080000
-0.041141  0.400000  0.120000
-0.153733  0.400000  0.160000
-0.223851  0.400000  0.200000
-0.262525  0.400000  0.240000
-0.282729  0.400000  0.280000
-0.293274  0.400000  0.320000
-0.298995  0.400000  0.360000
-0.302018  0.400000  0.400000
-0.303217  0.400000  0.440000
-0.303468  0.400000  0.480000
-0.303469  0.400000  0.520000
-0.303468  0.400000  0.560000
-0.303217  0.400000  0.600000
-0.302018  0.400000  0.640000
-0.298995  0.400000  0.680000
-0.293274  0.400000  0.720000
-0.282729  0.400000  0.760000
-0.262525  0.400000  0.800000
-0.223851  0.400000  0.840000
-0.153733  0.400000  0.880000
-0.041141  0.400000  0.920000
0.104953  0.400000  0.960000
0.242929  0.400000  1.000000
0.324217  0.400000  1.040000

0.268424  0.440000  0.000000
0.184761  0.440000  0.040000
0.049102  0.440000  0.080000
-0.085679  0.440000  0.120000
-0.183429  0.440000  0.160000
-0.241555  0.440000  0.200000
-0.272591  0.440000  0.240000
-0.288493  0.440000  0.280000
-0.296802  0.440000  0.320000
-0.301367  0.440000  0.360000
-0.303214  0.440000  0.400000
-0.303473  0.440000  0.440000
-0.303195  0.440000  0.480000
-0.303032  0.440000  0.520000
-0.303195  0.440000  0.560000
-0.303473  0.440000  0.600000
-0.303214  0.440000  0.640000
-0.301367  0.440000  0.680000
-0.296802  0.440000  0.720000
-0.288493  0.440000  0.760000
-0.272591  0.440000  0.800000
-0.241555  0.440000  0.840000
-0.183429  0.440000  0.880000
-0.085679  0.440000  0.920000
0.049102  0.440000  0.960000
0.184761  0.440000  1.000000
0.268424  0.440000  1.040000

0.232455  0.480000  0.000000
0.148398  0.480000  0.040000
0.015995  0.480000  0.080000
-0.110602  0.480000  0.120000
-0.199291  0.480000  0.160000
-0.250694  0.480000  0.200000
-0.277653  0.480000  0.240000
-0.291323  0.480000  0.280000
-0.298457  0.480000  0.320000
-0.302319  0.480000  0.360000
-0.303464  0.480000  0.400000
-0.303194  0.480000  0.440000
-0.302621  0.480000  0.480000
-0.302367  0.480000  0.520000
-0.302621  0.480000  0.560000
-0.303194  0.480000  0.600000
-0.303464  0.480000  0.640000
-0.302319  0.480000  0.680000
-0.298457  0.480000  0.720000
-0.291323  0.480000  0.760000
-0.277653  0.480000  0.800000
-0.250694  0.480000  0.840000
-0.199291  0.480000  0.880000
-0.110602  0.480000  0.920000
0.015995  0.480000  0.960000
0.148398  0.480000  1.000000
0.232455  0.480000  1.040000

0.220072  0.520000  0.000000
0.136083  0.520000  0.040000
0.005086  0.520000  0.080000
-0.118583  0.520000  0.120000
-0.204258  0.520000  0.160000
-0.253509  0.520000  0.200000
-0.279191  0.520000  0.240000
-0.292166  0.520000  0.280000
-0.298927  0.520000  0.320000
-0.302544  0.520000  0.360000
-0.303465  0.520000  0.400000
-0.303031  0.520000  0.440000
-0.302367  0.520000  0.480000
-0.302084  0.520000  0.520000
-0.302367  0.520000  0.560000
-0.303031  0.520000  0.600000
-0.303465  0.520000  0.640000
-0.302544  0.520000  0.680000
-0.298927  0.520000  0.720000
-0.292166  0.520000  0.760000
-0.279191  0.520000  0.800000
-0.253509  0.520000  0.840000
-0.204258  0.520000  0.880000
-0.118583  0.520000  0.920000
0.005086  0.520000  0.960000
0.136083  0.520000  1.000000
0.220072  0.520000  1.040000

0.232455  0.560000  0.000000
0.148398  0.560000  0.040000
0.015995  0.560000  0.080000
-0.110602  0.560000  0.120000
-0.199291  0.560000  0.160000
-0.250694  0.560000  0.200000
-0.277653  0.560000  0.240000
-0.291323  0.560000  0.280000
-0.298457  0.560000  0.320000
-0.302319  0.560000  0.360000
-0.303464  0.560000  0.400000
-0.303194  0.560000  0.440000
-0.302621  0.560000  0.480000
-0.302367  0.560000  0.520000
-0.302621  0.560000  0.560000
-0.303194  0.560000  0.600000
-0.303464  0.560000  0.640000
-0.302319  0.560000  0.680000
-0.298457  0.560000  0.720000
-0.291323  0.560000  0.760000
-0.277653  0.560000  0.800000
-0.250694  0.560000  0.840000
-0.199291  0.560000  0.880000
-0.110602  0.560000  0.920000
0.015995  0.560000  0.960000
0.148398  0.560000  1.000000
0.232455  0.560000  1.040000

0.268424  0.600000  0.000000
0.184761  0.600000  0.040000
0.049102  0.600000  0.080000
-0.085679  0.600000  0.120000
-0.183429  0.600000  0.160000
-0.241555  0.600000  0.200000
-0.272591  0.600000  0.240000
-0.288493  0.600000  0.280000
-0.296802  0.600000  0.320000
-0.301367  0.600000  0.360000
-0.303214  0.600000  0.400000
-0.303473  0.600000  0.440000
-0.303195  0.600000  0.480000
-0.303032  0.600000  0.520000
-0.303195  0.600000  0.560000
-0.303473  0.600000  0.600000
-0.303214  0.600000  0.640000
-0.301367  0.600000  0.680000
-0.296802  0.600000  0.720000
-0.288493  0.600000  0.760000
-0.272591  0.600000  0.800000
-0.241555  0.600000  0.840000
-0.183429  0.600000  0.880000
-0.085679  0.600000  0.920000
0.049102  0.600000  0.960000
0.184761  0.600000  1.000000
0.268424  0.600000  1.040000

0.324217  0.640000  0.000000
0.242929  0.640000  0.040000
0.104953  0.640000  0.080000
-0.041141  0.640000  0.120000
-0.153733  0.640000  0.160000
-0.223851  0.640000  0.200000
-0.262525  0.640000  0.240000
-0.282729  0.640000  0.280000
-0.293274  0.640000  0.320000
-0.298995  0.640000  0.360000
-0.302018  0.640000  0.400000
-0.303217  0.640000  0.440000
-0.303468  0.640000  0.480000
-0.303469  0.640000  0.520000
-0.303468  0.640000  0.560000
-0.303217  0.640000  0.600000
-0.302018  0.640000  0.640000
-0.298995  0.640000  0.680000
-0.293274  0.640000  0.720000
-0.282729  0.640000  0.760000
-0.262525  0.640000  0.800000
-0.223851  0.640000  0.840000
-0.153733  0.640000  0.880000
-0.041141  0.640000  0.920000
0.104953  0.640000  0.960000
0.242929  0.640000  1.000000
0.324217  0.640000  1.040000

0.393335  0.680000  0.000000
0.317993  0.680000  0.040000
0.182560  0.680000  0.080000
0.026312  0.680000  0.120000
-0.105324  0.680000  0.160000
-0.193389  0.680000  0.200000
-0.244519  0.680000  0.240000
-0.272159  0.680000  0.280000
-0.286785  0.680000  0.320000
-0.294649  0.680000  0.360000
-0.299004  0.680000  0.400000
-0.301380  0.680000  0.440000
-0.302324  0.680000  0.480000
-0.302549  0.680000  0.520000
-0.302324  0.680000  0.560000
-0.301380  0.680000  0.600000
-0.299004  0.680000  0.640000
-0.294649  0.680000  0.680000
-0.286785  0.680000  0.720000
-0.272159  0.680000  0.760000
-0.244519  0.680000  0.800000
-0.193389  0.680000  0.840000
-0.105324  0.680000  0.880000
0.026312  0.680000  0.920000
0.182560  0.680000  0.960000
0.317993  0.680000  1.000000
0.393335  0.680000  1.040000

0.467438  0.720000  0.000000
0.402094  0.720000  0.040000
0.277254  0.720000  0.080000
0.118171  0.720000  0.120000
-0.032252  0.720000  0.160000
-0.143635  0.720000  0.200000
-0.213410  0.720000  0.240000
-0.253196  0.720000  0.280000
-0.274968  0.720000  0.320000
-0.286802  0.720000  0.360000
-0.293301  0.720000  0.400000
-0.296844  0.720000  0.440000
-0.298501  0.720000  0.480000
-0.298971  0.720000  0.520000
-0.298501  0.720000  0.560000
-0.296844  0.720000  0.600000
-0.293301  0.720000  0.640000
-0.286802  0.720000  0.680000
-0.274968  0.720000  0.720000
-0.253196  0.720000  0.760000
-0.213410  0.720000  0.800000
-0.143635  0.720000  0.840000
-0.032252  0.720000  0.880000
0.118171  0.720000  0.920000
0.277254  0.720000  0.960000
0.402094  0.720000  1.000000
0.467438  0.720000  1.040000

0.538451  0.760000  0.000000
0.485911  0.760000  0.040000
0.379822  0.760000  0.080000
0.230522  0.760000  0.120000
0.069531  0.760000  0.160000
-0.066403  0.760000  0.200000
-0.161117  0.760000  0.240000
-0.219496  0.760000  0.280000
-0.253230  0.760000  0.320000
-0.272208  0.760000  0.360000
-0.282785  0.760000  0.400000
-0.288553  0.760000  0.440000
-0.291383  0.760000  0.480000
-0.292227  0.760000  0.520000
-0.291383  0.760000  0.560000
-0.288553  0.760000  0.600000
-0.282785  0.760000  0.640000
-0.272208  0.760000  0.680000
-0.253230  0.760000  0.720000
-0.219496  0.760000  0.760000
-0.161117  0.760000  0.800000
-0.066403  0.760000  0.840000
0.069531  0.760000  0.880000
0.230522  0.760000  0.920000
0.379822  0.760000  0.960000
0.485911  0.760000  1.000000
0.538451  0.760000  1.040000

0.600682  0.800000  0.000000
0.561383  0.800000  0.040000
0.478621  0.800000  0.080000
0.351933  0.800000  0.120000
0.196658  0.800000  0.160000
0.044352  0.800000  0.200000
-0.077480  0.800000  0.240000
-0.161168  0.800000  0.280000
-0.213499  0.800000  0.320000
-0.244627  0.800000  0.360000
-0.262638  0.800000  0.400000
-0.272704  0.800000  0.440000
-0.277765  0.800000  0.480000
-0.279302  0.800000  0.520000
-0.277765  0.800000  0.560000
-0.272704  0.800000  0.600000
-0.262638  0.800000  0.640000
-0.244627  0.800000  0.680000
-0.213499  0.800000  0.720000
-0.161168  0.800000  0.760000
-0.077480  0.800000  0.800000
0.044352  0.800000  0.840000
0.196658  0.800000  0.880000
0.351933  0.800000  0.920000
0.478621  0.800000  0.960000
0.561383  0.800000  1.000000
0.600682  0.800000  1.040000

0.651600  0.840000  0.000000
0.623829  0.840000  0.040000
0.563871  0.840000  0.080000
0.466600  0.840000  0.120000
0.334362  0.840000  0.160000
0.184552  0.840000  0.200000
0.044310  0.840000  0.240000
-0.066500  0.840000  0.280000
-0.143787  0.840000  0.320000
-0.193576  0.840000  0.360000
-0.224054  0.840000  0.400000
-0.241761  0.840000  0.440000
-0.250899  0.840000  0.480000
-0.253713  0.840000  0.520000
-0.250899  0.840000  0.560000
-0.241761  0.840000  0.600000
-0.224054  0.840000  0.640000
-0.193576  0.840000  0.680000
-0.143787  0.840000  0.720000
-0.066500  0.840000  0.760000
0.044310  0.840000  0.800000
0.184552  0.840000  0.840000
0.334362  0.840000  0.880000
0.466600  0.840000  0.920000
0.563871  0.840000  0.960000
0.623829  0.840000  1.000000
0.651600  0.840000  1.040000

0.691177  0.880000  0.000000
0.672148  0.880000  0.040000
0.630758  0.880000  0.080000
0.561670  0.880000  0.120000
0.461351  0.880000  0.160000
0.334314  0.880000  0.200000
0.196574  0.880000  0.240000
0.069405  0.880000  0.280000
-0.032439  0.880000  0.320000
-0.105572  0.880000  0.360000
-0.154024  0.880000  0.400000
-0.183743  0.880000  0.440000
-0.199615  0.880000  0.480000
-0.204584  0.880000  0.520000
-0.199615  0.880000  0.560000
-0.183743  0.880000  0.600000
-0.154024  0.880000  0.640000
-0.105572  0.880000  0.680000
-0.032439  0.880000  0.720000
0.069405  0.880000  0.760000
0.196574  0.880000  0.800000
0.334314  0.880000  0.840000
0.461351  0.880000  0.880000
0.561670  0.880000  0.920000
0.630758  0.880000  0.960000
0.672148  0.880000  1.000000
0.691177  0.880000  1.040000

0.720639  0.920000  0.000000
0.707547  0.920000  0.040000
0.679286  0.920000  0.080000
0.632046  0.920000  0.120000
0.561622  0.920000  0.160000
0.466494  0.920000  0.200000
0.351782  0.920000  0.240000
0.230341  0.920000  0.280000
0.117955  0.920000  0.320000
0.026046  0.920000  0.360000
-0.041463  0.920000  0.400000
-0.086046  0.920000  0.440000
-0.110996  0.920000  0.480000
-0.118986  0.920000  0.520000
-0.110996  0.920000  0.560000
-0.086046  0.920000  0.600000
-0.041463  0.920000  0.640000
0.026046  0.920000  0.680000
0.117955  0.920000  0.720000
0.230341  0.920000  0.760000
0.351782  0.920000  0.800000
0.466494  0.920000  0.840000
0.561622  0.920000  0.880000
0.632046  0.920000  0.920000
0.679286  0.920000  0.960000
0.707547  0.920000  1.000000
0.720639  0.920000  1.040000

0.741435  0.960000  0.000000
0.732015  0.960000  0.040000
0.712037  0.960000  0.080000
0.679258  0.960000  0.120000
0.630682  0.960000  0.160000
0.563725  0.960000  0.200000
0.478399  0.960000  0.240000
0.379538  0.960000  0.280000
0.276932  0.960000  0.320000
0.182212  0.960000  0.360000
0.104582  0.960000  0.400000
0.048708  0.960000  0.440000
0.015584  0.960000  0.480000
0.004669  0.960000  0.520000
0.015584  0.960000  0.560000
0.048708  0.960000  0.600000
0.104582  0.960000  0.640000
0.182212  0.960000  0.680000
0.276932  0.960000  0.720000
0.379538  0.960000  0.760000
0.478399  0.960000  0.800000
0.563725  0.960000  0.840000
0.630682  0.960000  0.880000
0.679258  0.960000  0.920000
0.712037  0.960000  0.960000
0.732015  0.960000  1.000000
0.741435  0.960000  1.040000

0.754710  1.000000  0.000000
0.747335  1.000000  0.040000
0.732002  1.000000  0.080000
0.707508  1.000000  0.120000
0.672064  1.000000  0.160000
0.623674  1.000000  0.200000
0.561131  1.000000  0.240000
0.485549  1.000000  0.280000
0.401634  1.000000  0.320000
0.317466  1.000000  0.360000
0.242373  1.000000  0.400000
0.184199  1.000000  0.440000
0.147841  1.000000  0.480000
0.135529  1.000000  0.520000
0.147841  1.000000  0.560000
0.184199  1.000000  0.600000
0.242373  1.000000  0.640000
0.317466  1.000000  0.680000
0.401634  1.000000  0.720000
0.485549  1.000000  0.760000
0.561131  1.000000  0.800000
0.623674  1.000000  0.840000
0.672064  1.000000  0.880000
0.707508  1.000000  0.920000
0.732002  1.000000  0.960000
0.747335  1.000000  1.000000
0.754710  1.000000  1.040000

0.761182  1.040000  0.000000
0.754705  1.040000  0.040000
0.741417  1.040000  0.080000
0.720598  1.040000  0.120000
0.691094  1.040000  0.160000
0.651448  1.040000  0.200000
0.600429  1.040000  0.240000
0.538066  1.040000  0.280000
0.466908  1.040000  0.320000
0.392681  1.040000  0.360000
0.323485  1.040000  0.400000
0.267663  1.040000  0.440000
0.231693  1.040000  0.480000
0.219314  1.040000  0.520000
0.231693  1.040000  0.560000
0.267663  1.040000  0.600000
0.323485  1.040000  0.640000
0.392681  1.040000  0.680000
0.466908  1.040000  0.720000
0.538066  1.040000  0.760000
0.600429  1.040000  0.800000
0.651448  1.040000  0.840000
0.691094  1.040000  0.880000
0.720598  1.040000  0.920000
0.741417  1.040000  0.960000
0.754705  1.040000  1.000000
0.761182  1.040000  1.040000

