0.300000 
0.760863  0.000000  0.000000
0.759280  0.000000  0.020000
0.756094  0.000000  0.040000
0.751261  0.000000  0.060000
0.744712  0.000000  0.080000
0.736351  0.000000  0.100000
0.726049  0.000000  0.120000
0.713642  0.000000  0.140000
0.698935  0.000000  0.160000
0.681706  0.000000  0.180000
0.661721  0.000000  0.200000
0.638759  0.000000  0.220000
0.612646  0.000000  0.240000
0.583304  0.000000  0.260000
0.550799  0.000000  0.280000
0.515391  0.000000  0.300000
0.477575  0.000000  0.320000
0.438083  0.000000  0.340000
0.397873  0.000000  0.360000
0.358059  0.000000  0.380000
0.319831  0.000000  0.400000
0.284356  0.000000  0.420000
0.252688  0.000000  0.440000
0.225711  0.000000  0.460000
0.204108  0.000000  0.480000
0.188369  0.000000  0.500000
0.178810  0.000000  0.520000
0.175605  0.000000  0.540000
0.178810  0.000000  0.560000
0.188369  0.000000  0.580000
0.204108  0.000000  0.600000
0.225711  0.000000  0.620000
0.252688  0.000000  0.640000
0.284356  0.000000  0.660000
0.319831  0.000000  0.680000
0.358059  0.000000  0.700000
0.397873  0.000000  0.720000
0.438083  0.000000  0.740000
0.477575  0.000000  0.760000
0.515391  0.000000  0.780000
0.550799  0.000000  0.800000
0.583304  0.000000  0.820000
0.612646  0.000000  0.840000
0.638759  0.000000  0.860000
0.661721  0.000000  0.880000
0.681706  0.000000  0.900000
0.698935  0.000000  0.920000
0.713642  0.000000  0.940000
0.726049  0.000000  0.960000
0.736351  0.000000  0.980000
0.744712  0.000000  1.000000
0.751261  0.000000  1.020000
0.756094  0.000000  1.040000
0.759280  0.000000  1.060000
0.760863  0.000000  1.080000

0.759280  0.020000  0.000000
0.757645  0.020000  0.020000
0.754348  0.020000  0.040000
0.749340  0.020000  0.060000
0.742538  0.020000  0.080000
0.733831  0.020000  0.100000
0.723068  0.020000  0.120000
0.710066  0.020000  0.140000
0.694604  0.020000  0.160000
0.676439  0.020000  0.180000
0.655322  0.020000  0.200000
0.631027  0.020000  0.220000
0.603393  0.020000  0.240000
0.572374  0.020000  0.260000
0.538092  0.020000  0.280000
0.500887  0.020000  0.300000
0.461341  0.020000  0.320000
0.420284  0.020000  0.340000
0.378748  0.020000  0.360000
0.337902  0.020000  0.380000
0.298952  0.020000  0.400000
0.263043  0.020000  0.420000
0.231182  0.020000  0.440000
0.204183  0.020000  0.460000
0.182656  0.020000  0.480000
0.167025  0.020000  0.500000
0.157552  0.020000  0.520000
0.154380  0.020000  0.540000
0.157552  0.020000  0.560000
0.167025  0.020000  0.580000
0.182656  0.020000  0.600000
0.204183  0.020000  0.620000
0.231182  0.020000  0.640000
0.263043  0.020000  0.660000
0.298952  0.020000  0.680000
0.337902  0.020000  0.700000
0.378748  0.020000  0.720000
0.420284  0.020000  0.740000
0.461341  0.020000  0.760000
0.500887  0.020000  0.780000
0.538092  0.020000  0.800000
0.572374  0.020000  0.820000
0.603393  0.020000  0.840000
0.631027  0.020000  0.860000
0.655322  0.020000  0.880000
0.676439  0.020000  0.900000
0.694604  0.020000  0.920000
0.710066  0.020000  0.940000
0.723068  0.020000  0.960000
0.733831  0.020000  0.980000
0.742538  0.020000  1.000000
0.749340  0.020000  1.020000
0.754348  0.020000  1.040000
0.757645  0.020000  1.060000
0.759280  0.020000  1.080000

0.756095  0.040000  0.000000
0.754349  0.040000  0.020000
0.750824  0.040000  0.040000
0.745451  0.040000  0.060000
0.738125  0.040000  0.080000
0.728698  0.040000  0.100000
0.716983  0.040000  0.120000
0.702749  0.040000  0.140000
0.685731  0.040000  0.160000
0.665646  0.040000  0.180000
0.642219  0.040000  0.200000
0.615228  0.040000  0.220000
0.584547  0.040000  0.240000
0.550212  0.040000  0.260000
0.512475  0.040000  0.280000
0.471841  0.040000  0.300000
0.429080  0.040000  0.320000
0.385197  0.040000  0.340000
0.341367  0.040000  0.360000
0.298835  0.040000  0.380000
0.258809  0.040000  0.400000
0.222369  0.040000  0.420000
0.190404  0.040000  0.440000
0.163584  0.040000  0.460000
0.142374  0.040000  0.480000
0.127067  0.040000  0.500000
0.117830  0.040000  0.520000
0.114743  0.040000  0.540000
0.117830  0.040000  0.560000
0.127067  0.040000  0.580000
0.142374  0.040000  0.600000
0.163584  0.040000  0.620000
0.190404  0.040000  0.640000
0.222369  0.040000  0.660000
0.258809  0.040000  0.680000
0.298835  0.040000  0.700000
0.341367  0.040000  0.720000
0.385197  0.040000  0.740000
0.429080  0.040000  0.760000
0.471841  0.040000  0.780000
0.512475  0.040000  0.800000
0.550212  0.040000  0.820000
0.584547  0.040000  0.840000
0.615228  0.040000  0.860000
0.642219  0.040000  0.880000
0.665646  0.040000  0.900000
0.685731  0.040000  0.920000
0.702749  0.040000  0.940000
0.716983  0.040000  0.960000
0.728698  0.040000  0.980000
0.738125  0.040000  1.000000
0.745451  0.040000  1.020000
0.750824  0.040000  1.040000
0.754349  0.040000  1.060000
0.756095  0.040000  1.080000

0.751262  0.060000  0.000000
0.749341  0.060000  0.020000
0.745451  0.060000  0.040000
0.739499  0.060000  0.060000
0.731338  0.060000  0.080000
0.720771  0.060000  0.100000
0.707547  0.060000  0.120000
0.691368  0.060000  0.140000
0.671908  0.060000  0.160000
0.648833  0.060000  0.180000
0.621851  0.060000  0.200000
0.590765  0.060000  0.220000
0.555544  0.060000  0.240000
0.516383  0.060000  0.260000
0.473761  0.060000  0.280000
0.428454  0.060000  0.300000
0.381509  0.060000  0.320000
0.334168  0.060000  0.340000
0.287759  0.060000  0.360000
0.243572  0.060000  0.380000
0.202756  0.060000  0.400000
0.166240  0.060000  0.420000
0.134704  0.060000  0.440000
0.108598  0.060000  0.460000
0.088179  0.060000  0.480000
0.073564  0.060000  0.500000
0.064794  0.060000  0.520000
0.061871  0.060000  0.540000
0.064794  0.060000  0.560000
0.073564  0.060000  0.580000
0.088179  0.060000  0.600000
0.108598  0.060000  0.620000
0.134704  0.060000  0.640000
0.166240  0.060000  0.660000
0.202756  0.060000  0.680000
0.243572  0.060000  0.700000
0.287759  0.060000  0.720000
0.334168  0.060000  0.740000
0.381509  0.060000  0.760000
0.428454  0.060000  0.780000
0.473761  0.060000  0.800000
0.516383  0.060000  0.820000
0.555544  0.060000  0.840000
0.590765  0.060000  0.860000
0.621851  0.060000  0.880000
0.648833  0.060000  0.900000
0.671908  0.060000  0.920000
0.691368  0.060000  0.940000
0.707547  0.060000  0.960000
0.720771  0.060000  0.980000
0.731338  0.060000  1.000000
0.739499  0.060000  1.020000
0.745451  0.060000  1.040000
0.749341  0.060000  1.060000
0.751262  0.060000  1.080000

0.744714  0.080000  0.000000
0.742540  0.080000  0.020000
0.738126  0.080000  0.040000
0.731339  0.080000  0.060000
0.721979  0.080000  0.080000
0.709774  0.080000  0.100000
0.694394  0.080000  0.120000
0.675456  0.080000  0.140000
0.652560  0.080000  0.160000
0.625333  0.080000  0.180000
0.593496  0.080000  0.200000
0.556945  0.080000  0.220000
0.515834  0.080000  0.240000
0.470639  0.080000  0.260000
0.422189  0.080000  0.280000
0.371632  0.080000  0.300000
0.320346  0.080000  0.320000
0.269805  0.080000  0.340000
0.221428  0.080000  0.360000
0.176448  0.080000  0.380000
0.135830  0.080000  0.400000
0.100238  0.080000  0.420000
0.070063  0.080000  0.440000
0.045470  0.080000  0.460000
0.026475  0.080000  0.480000
0.013009  0.080000  0.500000
0.004978  0.080000  0.520000
0.002310  0.080000  0.540000
0.004978  0.080000  0.560000
0.013009  0.080000  0.580000
0.026475  0.080000  0.600000
0.045470  0.080000  0.620000
0.070063  0.080000  0.640000
0.100238  0.080000  0.660000
0.135830  0.080000  0.680000
0.176448  0.080000  0.700000
0.221428  0.080000  0.720000
0.269805  0.080000  0.740000
0.320346  0.080000  0.760000
0.371632  0.080000  0.780000
0.422189  0.080000  0.800000
0.470639  0.080000  0.820000
0.515834  0.080000  0.840000
0.556945  0.080000  0.860000
0.593496  0.080000  0.880000
0.625333  0.080000  0.900000
0.652560  0.080000  0.920000
0.675456  0.080000  0.940000
0.694394  0.080000  0.960000
0.709774  0.080000  0.980000
0.721979  0.080000  1.000000
0.731339  0.080000  1.020000
0.738126  0.080000  1.040000
0.742540  0.080000  1.060000
0.744714  0.080000  1.080000

0.736354  0.100000  0.000000
0.733833  0.100000  0.020000
0.728701  0.100000  0.040000
0.720773  0.100000  0.060000
0.709775  0.100000  0.080000
0.695348  0.100000  0.100000
0.677057  0.100000  0.120000
0.654431  0.100000  0.140000
0.627006  0.100000  0.160000
0.594408  0.100000  0.180000
0.556448  0.100000  0.200000
0.513227  0.100000  0.220000
0.465230  0.100000  0.240000
0.413361  0.100000  0.260000
0.358915  0.100000  0.280000
0.303466  0.100000  0.300000
0.248696  0.100000  0.320000
0.196202  0.100000  0.340000
0.147338  0.100000  0.360000
0.103112  0.100000  0.380000
0.064163  0.100000  0.400000
0.030795  0.100000  0.420000
0.003053  0.100000  0.440000
-0.019188  0.100000  0.460000
-0.036144  0.100000  0.480000
-0.048049  0.100000  0.500000
-0.055102  0.100000  0.520000
-0.057438  0.100000  0.540000
-0.055102  0.100000  0.560000
-0.048049  0.100000  0.580000
-0.036144  0.100000  0.600000
-0.019188  0.100000  0.620000
0.003053  0.100000  0.640000
0.030795  0.100000  0.660000
0.064163  0.100000  0.680000
0.103112  0.100000  0.700000
0.147338  0.100000  0.720000
0.196202  0.100000  0.740000
0.248696  0.100000  0.760000
0.303466  0.100000  0.780000
0.358915  0.100000  0.800000
0.413361  0.100000  0.820000
0.465230  0.100000  0.840000
0.513227  0.100000  0.860000
0.556448  0.100000  0.880000
0.594408  0.100000  0.900000
0.627006  0.100000  0.920000
0.654431  0.100000  0.940000
0.677057  0.100000  0.960000
0.695348  0.100000  0.980000
0.709775  0.100000  1.000000
0.720773  0.100000  1.020000
0.728701  0.100000  1.040000
0.733833  0.100000  1.060000
0.736354  0.100000  1.080000

0.726053  0.120000  0.000000
0.723072  0.120000  0.020000
0.716987  0.120000  0.040000
0.707550  0.120000  0.060000
0.694396  0.120000  0.080000
0.677059  0.120000  0.100000
0.654998  0.120000  0.120000
0.627661  0.120000  0.140000
0.594565  0.120000  0.160000
0.555421  0.120000  0.180000
0.510262  0.120000  0.200000
0.459566  0.120000  0.220000
0.404319  0.120000  0.240000
0.345988  0.120000  0.260000
0.286387  0.120000  0.280000
0.227459  0.120000  0.300000
0.171031  0.120000  0.320000
0.118611  0.120000  0.340000
0.071271  0.120000  0.360000
0.029621  0.120000  0.380000
-0.006128  0.120000  0.400000
-0.036070  0.120000  0.420000
-0.060486  0.120000  0.440000
-0.079752  0.120000  0.460000
-0.094257  0.120000  0.480000
-0.104346  0.120000  0.500000
-0.110288  0.120000  0.520000
-0.112249  0.120000  0.540000
-0.110288  0.120000  0.560000
-0.104346  0.120000  0.580000
-0.094257  0.120000  0.600000
-0.079752  0.120000  0.620000
-0.060486  0.120000  0.640000
-0.036070  0.120000  0.660000
-0.006128  0.120000  0.680000
0.029621  0.120000  0.700000
0.071271  0.120000  0.720000
0.118611  0.120000  0.740000
0.171031  0.120000  0.760000
0.227459  0.120000  0.780000
0.286387  0.120000  0.800000
0.345988  0.120000  0.820000
0.404319  0.120000  0.840000
0.459566  0.120000  0.860000
0.510262  0.120000  0.880000
0.555421  0.120000  0.900000
0.594565  0.120000  0.920000
0.627661  0.120000  0.940000
0.654998  0.120000  0.960000
0.677059  0.120000  0.980000
0.694396  0.120000  1.000000
0.707550  0.120000  1.020000
0.716987  0.120000  1.040000
0.723072  0.120000  1.060000
0.726053  0.120000  1.080000

0.713648  0.140000  0.000000
0.710071  0.140000  0.020000
0.702754  0.140000  0.040000
0.691373  0.140000  0.060000
0.675460  0.140000  0.080000
0.654435  0.140000  0.100000
0.627663  0.140000  0.120000
0.594557  0.140000  0.140000
0.554709  0.140000  0.160000
0.508060  0.140000  0.180000
0.455057  0.140000  0.200000
0.396751  0.140000  0.220000
0.334784  0.140000  0.240000
0.271235  0.140000  0.260000
0.208349  0.140000  0.280000
0.148229  0.140000  0.300000
0.092575  0.140000  0.320000
0.042542  0.140000  0.340000
-0.001275  0.140000  0.360000
-0.038762  0.140000  0.380000
-0.070151  0.140000  0.400000
-0.095884  0.140000  0.420000
-0.116496  0.140000  0.440000
-0.132525  0.140000  0.460000
-0.144454  0.140000  0.480000
-0.152682  0.140000  0.500000
-0.157501  0.140000  0.520000
-0.159088  0.140000  0.540000
-0.157501  0.140000  0.560000
-0.152682  0.140000  0.580000
-0.144454  0.140000  0.600000
-0.132525  0.140000  0.620000
-0.116496  0.140000  0.640000
-0.095884  0.140000  0.660000
-0.070151  0.140000  0.680000
-0.038762  0.140000  0.700000
-0.001275  0.140000  0.720000
0.042542  0.140000  0.740000
0.092575  0.140000  0.760000
0.148229  0.140000  0.780000
0.208349  0.140000  0.800000
0.271235  0.140000  0.820000
0.334784  0.140000  0.840000
0.396751  0.140000  0.860000
0.455057  0.140000  0.880000
0.508060  0.140000  0.900000
0.554709  0.140000  0.920000
0.594557  0.140000  0.940000
0.627663  0.140000  0.960000
0.654435  0.140000  0.980000
0.675460  0.140000  1.000000
0.691373  0.140000  1.020000
0.702754  0.140000  1.040000
0.710071  0.140000  1.060000
0.713648  0.140000  1.080000

0.698943  0.160000  0.000000
0.694611  0.160000  0.020000
0.685738  0.160000  0.040000
0.671915  0.160000  0.060000
0.652567  0.160000  0.080000
0.627013  0.160000  0.100000
0.594570  0.160000  0.120000
0.554711  0.160000  0.140000
0.507259  0.160000  0.160000
0.452590  0.160000  0.180000
0.391785  0.160000  0.200000
0.326637  0.160000  0.220000
0.259492  0.160000  0.240000
0.192925  0.160000  0.260000
0.129355  0.160000  0.280000
0.070717  0.160000  0.300000
0.018283  0.160000  0.320000
-0.027350  0.160000  0.340000
-0.066152  0.160000  0.360000
-0.098492  0.160000  0.380000
-0.124964  0.160000  0.400000
-0.146252  0.160000  0.420000
-0.163033  0.160000  0.440000
-0.175915  0.160000  0.460000
-0.185406  0.160000  0.480000
-0.191904  0.160000  0.500000
-0.195692  0.160000  0.520000
-0.196935  0.160000  0.540000
-0.195692  0.160000  0.560000
-0.191904  0.160000  0.580000
-0.185406  0.160000  0.600000
-0.175915  0.160000  0.620000
-0.163033  0.160000  0.640000
-0.146252  0.160000  0.660000
-0.124964  0.160000  0.680000
-0.098492  0.160000  0.700000
-0.066152  0.160000  0.720000
-0.027350  0.160000  0.740000
0.018283  0.160000  0.760000
0.070717  0.160000  0.780000
0.129355  0.160000  0.800000
0.192925  0.160000  0.820000
0.259492  0.160000  0.840000
0.326637  0.160000  0.860000
0.391785  0.160000  0.880000
0.452590  0.160000  0.900000
0.507259  0.160000  0.920000
0.554711  0.160000  0.940000
0.594570  0.160000  0.960000
0.627013  0.160000  0.980000
0.652567  0.160000  1.000000
0.671915  0.160000  1.020000
0.685738  0.160000  1.040000
0.694611  0.160000  1.060000
0.698943  0.160000  1.080000

0.681717  0.180000  0.000000
0.676450  0.180000  0.020000
0.665656  0.180000  0.040000
0.648844  0.180000  0.060000
0.625343  0.180000  0.080000
0.594418  0.180000  0.100000
0.555429  0.180000  0.120000
0.508066  0.180000  0.140000
0.452593  0.180000  0.160000
0.390062  0.180000  0.180000
0.322369  0.180000  0.200000
0.252103  0.180000  0.220000
0.182178  0.180000  0.240000
0.115368  0.180000  0.260000
0.053893  0.180000  0.280000
-0.000812  0.180000  0.300000
-0.048114  0.180000  0.320000
-0.088046  0.180000  0.340000
-0.121096  0.180000  0.360000
-0.148003  0.180000  0.380000
-0.169591  0.180000  0.400000
-0.186662  0.180000  0.420000
-0.199933  0.180000  0.440000
-0.210006  0.180000  0.460000
-0.217364  0.180000  0.480000
-0.222370  0.180000  0.500000
-0.225275  0.180000  0.520000
-0.226227  0.180000  0.540000
-0.225275  0.180000  0.560000
-0.222370  0.180000  0.580000
-0.217364  0.180000  0.600000
-0.210006  0.180000  0.620000
-0.199933  0.180000  0.640000
-0.186662  0.180000  0.660000
-0.169591  0.180000  0.680000
-0.148003  0.180000  0.700000
-0.121096  0.180000  0.720000
-0.088046  0.180000  0.740000
-0.048114  0.180000  0.760000
-0.000812  0.180000  0.780000
0.053893  0.180000  0.800000
0.115368  0.180000  0.820000
0.182178  0.180000  0.840000
0.252103  0.180000  0.860000
0.322369  0.180000  0.880000
0.390062  0.180000  0.900000
0.452593  0.180000  0.920000
0.508066  0.180000  0.940000
0.555429  0.180000  0.960000
0.594418  0.180000  0.980000
0.625343  0.180000  1.000000
0.648844  0.180000  1.020000
0.665656  0.180000  1.040000
0.676450  0.180000  1.060000
0.681717  0.180000  1.080000

0.661735  0.200000  0.000000
0.655336  0.200000  0.020000
0.642234  0.200000  0.040000
0.621866  0.200000  0.060000
0.593510  0.200000  0.080000
0.556461  0.200000  0.100000
0.510274  0.200000  0.120000
0.455066  0.200000  0.140000
0.391791  0.200000  0.160000
0.322372  0.200000  0.180000
0.249587  0.200000  0.200000
0.176678  0.200000  0.220000
0.106806  0.200000  0.240000
0.042535  0.200000  0.260000
-0.014472  0.200000  0.280000
-0.063493  0.200000  0.300000
-0.104586  0.200000  0.320000
-0.138336  0.200000  0.340000
-0.165611  0.200000  0.360000
-0.187366  0.200000  0.380000
-0.204521  0.200000  0.400000
-0.217892  0.200000  0.420000
-0.228162  0.200000  0.440000
-0.235884  0.200000  0.460000
-0.241482  0.200000  0.480000
-0.245269  0.200000  0.500000
-0.247459  0.200000  0.520000
-0.248176  0.200000  0.540000
-0.247459  0.200000  0.560000
-0.245269  0.200000  0.580000
-0.241482  0.200000  0.600000
-0.235884  0.200000  0.620000
-0.228162  0.200000  0.640000
-0.217892  0.200000  0.660000
-0.204521  0.200000  0.680000
-0.187366  0.200000  0.700000
-0.165611  0.200000  0.720000
-0.138336  0.200000  0.740000
-0.104586  0.200000  0.760000
-0.063493  0.200000  0.780000
-0.014472  0.200000  0.800000
0.042535  0.200000  0.820000
0.106806  0.200000  0.840000
0.176678  0.200000  0.860000
0.249587  0.200000  0.880000
0.322372  0.200000  0.900000
0.391791  0.200000  0.920000
0.455066  0.200000  0.940000
0.510274  0.200000  0.960000
0.556461  0.200000  0.980000
0.593510  0.200000  1.000000
0.621866  0.200000  1.020000
0.642234  0.200000  1.040000
0.655336  0.200000  1.060000
0.661735  0.200000  1.080000

0.638777  0.220000  0.000000
0.631046  0.220000  0.020000
0.615247  0.220000  0.040000
0.590785  0.220000  0.060000
0.556964  0.220000  0.080000
0.513246  0.220000  0.100000
0.459582  0.220000  0.120000
0.396764  0.220000  0.140000
0.326647  0.220000  0.160000
0.252109  0.220000  0.180000
0.176682  0.220000  0.200000
0.103929  0.220000  0.220000
0.036827  0.220000  0.240000
-0.022649  0.220000  0.260000
-0.073608  0.220000  0.280000
-0.116077  0.220000  0.300000
-0.150705  0.220000  0.320000
-0.178470  0.220000  0.340000
-0.200450  0.220000  0.360000
-0.217676  0.220000  0.380000
-0.231061  0.220000  0.400000
-0.241364  0.220000  0.420000
-0.249198  0.220000  0.440000
-0.255040  0.220000  0.460000
-0.259247  0.220000  0.480000
-0.262079  0.220000  0.500000
-0.263712  0.220000  0.520000
-0.264245  0.220000  0.540000
-0.263712  0.220000  0.560000
-0.262079  0.220000  0.580000
-0.259247  0.220000  0.600000
-0.255040  0.220000  0.620000
-0.249198  0.220000  0.640000
-0.241364  0.220000  0.660000
-0.231061  0.220000  0.680000
-0.217676  0.220000  0.700000
-0.200450  0.220000  0.720000
-0.178470  0.220000  0.740000
-0.150705  0.220000  0.760000
-0.116077  0.220000  0.780000
-0.073608  0.220000  0.800000
-0.022649  0.220000  0.820000
0.036827  0.220000  0.840000
0.103929  0.220000  0.860000
0.176682  0.220000  0.880000
0.252109  0.220000  0.900000
0.326647  0.220000  0.920000
0.396764  0.220000  0.940000
0.459582  0.220000  0.960000
0.513246  0.220000  0.980000
0.556964  0.220000  1.000000
0.590785  0.220000  1.020000
0.615247  0.220000  1.040000
0.631046  0.220000  1.060000
0.638777  0.220000  1.080000

0.612670  0.240000  0.000000
0.603417  0.240000  0.020000
0.584571  0.240000  0.040000
0.555568  0.240000  0.060000
0.515858  0.240000  0.080000
0.465253  0.240000  0.100000
0.404339  0.240000  0.120000
0.334801  0.240000  0.140000
0.259505  0.240000  0.160000
0.182188  0.240000  0.180000
0.106813  0.240000  0.200000
0.036830  0.240000  0.220000
-0.025367  0.240000  0.240000
-0.078614  0.240000  0.260000
-0.122826  0.240000  0.280000
-0.158664  0.240000  0.300000
-0.187190  0.240000  0.320000
-0.209593  0.240000  0.340000
-0.227019  0.240000  0.360000
-0.240474  0.240000  0.380000
-0.250798  0.240000  0.400000
-0.258662  0.240000  0.420000
-0.264590  0.240000  0.440000
-0.268978  0.240000  0.460000
-0.272121  0.240000  0.480000
-0.274227  0.240000  0.500000
-0.275438  0.240000  0.520000
-0.275832  0.240000  0.540000
-0.275438  0.240000  0.560000
-0.274227  0.240000  0.580000
-0.272121  0.240000  0.600000
-0.268978  0.240000  0.620000
-0.264590  0.240000  0.640000
-0.258662  0.240000  0.660000
-0.250798  0.240000  0.680000
-0.240474  0.240000  0.700000
-0.227019  0.240000  0.720000
-0.209593  0.240000  0.740000
-0.187190  0.240000  0.760000
-0.158664  0.240000  0.780000
-0.122826  0.240000  0.800000
-0.078614  0.240000  0.820000
-0.025367  0.240000  0.840000
0.036830  0.240000  0.860000
0.106813  0.240000  0.880000
0.182188  0.240000  0.900000
0.259505  0.240000  0.920000
0.334801  0.240000  0.940000
0.404339  0.240000  0.960000
0.465253  0.240000  0.980000
0.515858  0.240000  1.000000
0.555568  0.240000  1.020000
0.584571  0.240000  1.040000
0.603417  0.240000  1.060000
0.612670  0.240000  1.080000

0.583335  0.260000  0.000000
0.572405  0.260000  0.020000
0.550243  0.260000  0.040000
0.516414  0.260000  0.060000
0.470669  0.260000  0.080000
0.413389  0.260000  0.100000
0.346012  0.260000  0.120000
0.271256  0.260000  0.140000
0.192942  0.260000  0.160000
0.115381  0.260000  0.180000
0.042545  0.260000  0.200000
-0.022643  0.260000  0.220000
-0.078611  0.260000  0.240000
-0.125049  0.260000  0.260000
-0.162553  0.260000  0.280000
-0.192232  0.260000  0.300000
-0.215372  0.260000  0.320000
-0.233229  0.260000  0.340000
-0.246913  0.260000  0.360000
-0.257347  0.260000  0.380000
-0.265268  0.260000  0.400000
-0.271250  0.260000  0.420000
-0.275726  0.260000  0.440000
-0.279020  0.260000  0.460000
-0.281367  0.260000  0.480000
-0.282933  0.260000  0.500000
-0.283830  0.260000  0.520000
-0.284123  0.260000  0.540000
-0.283830  0.260000  0.560000
-0.282933  0.260000  0.580000
-0.281367  0.260000  0.600000
-0.279020  0.260000  0.620000
-0.275726  0.260000  0.640000
-0.271250  0.260000  0.660000
-0.265268  0.260000  0.680000
-0.257347  0.260000  0.700000
-0.246913  0.260000  0.720000
-0.233229  0.260000  0.740000
-0.215372  0.260000  0.760000
-0.192232  0.260000  0.780000
-0.162553  0.260000  0.800000
-0.125049  0.260000  0.820000
-0.078611  0.260000  0.840000
-0.022643  0.260000  0.860000
0.042545  0.260000  0.880000
0.115381  0.260000  0.900000
0.192942  0.260000  0.920000
0.271256  0.260000  0.940000
0.346012  0.260000  0.960000
0.413389  0.260000  0.980000
0.470669  0.260000  1.000000
0.516414  0.260000  1.020000
0.550243  0.260000  1.040000
0.572405  0.260000  1.060000
0.583335  0.260000  1.080000

0.550837  0.280000  0.000000
0.538131  0.280000  0.020000
0.512513  0.280000  0.040000
0.473798  0.280000  0.060000
0.422224  0.280000  0.080000
0.358947  0.280000  0.100000
0.286415  0.280000  0.120000
0.208373  0.280000  0.140000
0.129375  0.280000  0.160000
0.053909  0.280000  0.180000
-0.014460  0.280000  0.200000
-0.073599  0.280000  0.220000
-0.122821  0.280000  0.240000
-0.162551  0.280000  0.260000
-0.193879  0.280000  0.280000
-0.218166  0.280000  0.300000
-0.236774  0.280000  0.320000
-0.250923  0.280000  0.340000
-0.261630  0.280000  0.360000
-0.269710  0.280000  0.380000
-0.275792  0.280000  0.400000
-0.280354  0.280000  0.420000
-0.283749  0.280000  0.440000
-0.286235  0.280000  0.460000
-0.287998  0.280000  0.480000
-0.289169  0.280000  0.500000
-0.289837  0.280000  0.520000
-0.290054  0.280000  0.540000
-0.289837  0.280000  0.560000
-0.289169  0.280000  0.580000
-0.287998  0.280000  0.600000
-0.286235  0.280000  0.620000
-0.283749  0.280000  0.640000
-0.280354  0.280000  0.660000
-0.275792  0.280000  0.680000
-0.269710  0.280000  0.700000
-0.261630  0.280000  0.720000
-0.250923  0.280000  0.740000
-0.236774  0.280000  0.760000
-0.218166  0.280000  0.780000
-0.193879  0.280000  0.800000
-0.162551  0.280000  0.820000
-0.122821  0.280000  0.840000
-0.073599  0.280000  0.860000
-0.014460  0.280000  0.880000
0.053909  0.280000  0.900000
0.129375  0.280000  0.920000
0.208373  0.280000  0.940000
0.286415  0.280000  0.960000
0.358947  0.280000  0.980000
0.422224  0.280000  1.000000
0.473798  0.280000  1.020000
0.512513  0.280000  1.040000
0.538131  0.280000  1.060000
0.550837  0.280000  1.080000

0.515438  0.300000  0.000000
0.500933  0.300000  0.020000
0.471887  0.300000  0.040000
0.428498  0.300000  0.060000
0.371672  0.300000  0.080000
0.303503  0.300000  0.100000
0.227490  0.300000  0.120000
0.148256  0.300000  0.140000
0.070740  0.300000  0.160000
-0.000792  0.300000  0.180000
-0.063478  0.300000  0.200000
-0.116065  0.300000  0.220000
-0.158656  0.300000  0.240000
-0.192227  0.300000  0.260000
-0.218164  0.300000  0.280000
-0.237925  0.300000  0.300000
-0.252845  0.300000  0.320000
-0.264050  0.300000  0.340000
-0.272445  0.300000  0.360000
-0.278728  0.300000  0.380000
-0.283430  0.300000  0.400000
-0.286940  0.300000  0.420000
-0.289544  0.300000  0.440000
-0.291444  0.300000  0.460000
-0.292784  0.300000  0.480000
-0.293669  0.300000  0.500000
-0.294170  0.300000  0.520000
-0.294333  0.300000  0.540000
-0.294170  0.300000  0.560000
-0.293669  0.300000  0.580000
-0.292784  0.300000  0.600000
-0.291444  0.300000  0.620000
-0.289544  0.300000  0.640000
-0.286940  0.300000  0.660000
-0.283430  0.300000  0.680000
-0.278728  0.300000  0.700000
-0.272445  0.300000  0.720000
-0.264050  0.300000  0.740000
-0.252845  0.300000  0.760000
-0.237925  0.300000  0.780000
-0.218164  0.300000  0.800000
-0.192227  0.300000  0.820000
-0.158656  0.300000  0.840000
-0.116065  0.300000  0.860000
-0.063478  0.300000  0.880000
-0.000792  0.300000  0.900000
0.070740  0.300000  0.920000
0.148256  0.300000  0.940000
0.227490  0.300000  0.960000
0.303503  0.300000  0.980000
0.371672  0.300000  1.000000
0.428498  0.300000  1.020000
0.471887  0.300000  1.040000
0.500933  0.300000  1.060000
0.515438  0.300000  1.080000

0.477630  0.320000  0.000000
0.461396  0.320000  0.020000
0.429133  0.320000  0.040000
0.381559  0.320000  0.060000
0.320391  0.320000  0.080000
0.248736  0.320000  0.100000
0.171066  0.320000  0.120000
0.092605  0.320000  0.140000
0.018309  0.320000  0.160000
-0.048092  0.320000  0.180000
-0.104568  0.320000  0.200000
-0.150692  0.320000  0.220000
-0.187180  0.320000  0.240000
-0.215366  0.320000  0.260000
-0.236771  0.320000  0.280000
-0.252843  0.320000  0.300000
-0.264832  0.320000  0.320000
-0.273747  0.320000  0.340000
-0.280375  0.320000  0.360000
-0.285310  0.320000  0.380000
-0.288990  0.320000  0.400000
-0.291734  0.320000  0.420000
-0.293770  0.320000  0.440000
-0.295252  0.320000  0.460000
-0.296288  0.320000  0.480000
-0.296963  0.320000  0.500000
-0.297341  0.320000  0.520000
-0.297462  0.320000  0.540000
-0.297341  0.320000  0.560000
-0.296963  0.320000  0.580000
-0.296288  0.320000  0.600000
-0.295252  0.320000  0.620000
-0.293770  0.320000  0.640000
-0.291734  0.320000  0.660000
-0.288990  0.320000  0.680000
-0.285310  0.320000  0.700000
-0.280375  0.320000  0.720000
-0.273747  0.320000  0.740000
-0.264832  0.320000  0.760000
-0.252843  0.320000  0.780000
-0.236771  0.320000  0.800000
-0.215366  0.320000  0.820000
-0.187180  0.320000  0.840000
-0.150692  0.320000  0.860000
-0.104568  0.320000  0.880000
-0.048092  0.320000  0.900000
0.018309  0.320000  0.920000
0.092605  0.320000  0.940000
0.171066  0.320000  0.960000
0.248736  0.320000  0.980000
0.320391  0.320000  1.000000
0.381559  0.320000  1.020000
0.429133  0.320000  1.040000
0.461396  0.320000  1.060000
0.477630  0.320000  1.080000

0.438148  0.340000  0.000000
0.420346  0.340000  0.020000
0.385257  0.340000  0.040000
0.334223  0.340000  0.060000
0.269855  0.340000  0.080000
0.196246  0.340000  0.100000
0.118649  0.340000  0.120000
0.042575  0.340000  0.140000
-0.027321  0.340000  0.160000
-0.088022  0.340000  0.180000
-0.138317  0.340000  0.200000
-0.178455  0.340000  0.220000
-0.209583  0.340000  0.240000
-0.233222  0.340000  0.260000
-0.250918  0.340000  0.280000
-0.264048  0.340000  0.300000
-0.273746  0.340000  0.320000
-0.280905  0.340000  0.340000
-0.286203  0.340000  0.360000
-0.290138  0.340000  0.380000
-0.293072  0.340000  0.400000
-0.295263  0.340000  0.420000
-0.296892  0.340000  0.440000
-0.298078  0.340000  0.460000
-0.298890  0.340000  0.480000
-0.299403  0.340000  0.500000
-0.299684  0.340000  0.520000
-0.299772  0.340000  0.540000
-0.299684  0.340000  0.560000
-0.299403  0.340000  0.580000
-0.298890  0.340000  0.600000
-0.298078  0.340000  0.620000
-0.296892  0.340000  0.640000
-0.295263  0.340000  0.660000
-0.293072  0.340000  0.680000
-0.290138  0.340000  0.700000
-0.286203  0.340000  0.720000
-0.280905  0.340000  0.740000
-0.273746  0.340000  0.760000
-0.264048  0.340000  0.780000
-0.250918  0.340000  0.800000
-0.233222  0.340000  0.820000
-0.209583  0.340000  0.840000
-0.178455  0.340000  0.860000
-0.138317  0.340000  0.880000
-0.088022  0.340000  0.900000
-0.027321  0.340000  0.920000
0.042575  0.340000  0.940000
0.118649  0.340000  0.960000
0.196246  0.340000  0.980000
0.269855  0.340000  1.000000
0.334223  0.340000  1.020000
0.385257  0.340000  1.040000
0.420346  0.340000  1.060000
0.438148  0.340000  1.080000

0.397945  0.360000  0.000000
0.378818  0.360000  0.020000
0.341433  0.360000  0.040000
0.287818  0.360000  0.060000
0.221481  0.360000  0.080000
0.147385  0.360000  0.100000
0.071312  0.360000  0.120000
-0.001239  0.360000  0.140000
-0.066121  0.360000  0.160000
-0.121071  0.360000  0.180000
-0.165591  0.360000  0.200000
-0.200434  0.360000  0.220000
-0.227008  0.360000  0.240000
-0.246905  0.360000  0.260000
-0.261625  0.360000  0.280000
-0.272441  0.360000  0.300000
-0.280373  0.360000  0.320000
-0.286202  0.360000  0.340000
-0.290507  0.360000  0.360000
-0.293709  0.360000  0.380000
-0.296100  0.360000  0.400000
-0.297885  0.360000  0.420000
-0.299211  0.360000  0.440000
-0.300166  0.360000  0.460000
-0.300790  0.360000  0.480000
-0.301164  0.360000  0.500000
-0.301358  0.360000  0.520000
-0.301417  0.360000  0.540000
-0.301358  0.360000  0.560000
-0.301164  0.360000  0.580000
-0.300790  0.360000  0.600000
-0.300166  0.360000  0.620000
-0.299211  0.360000  0.640000
-0.297885  0.360000  0.660000
-0.296100  0.360000  0.680000
-0.293709  0.360000  0.700000
-0.290507  0.360000  0.720000
-0.286202  0.360000  0.740000
-0.280373  0.360000  0.760000
-0.272441  0.360000  0.780000
-0.261625  0.360000  0.800000
-0.246905  0.360000  0.820000
-0.227008  0.360000  0.840000
-0.200434  0.360000  0.860000
-0.165591  0.360000  0.880000
-0.121071  0.360000  0.900000
-0.066121  0.360000  0.920000
-0.001239  0.360000  0.940000
0.071312  0.360000  0.960000
0.147385  0.360000  0.980000
0.221481  0.360000  1.000000
0.287818  0.360000  1.020000
0.341433  0.360000  1.040000
0.378818  0.360000  1.060000
0.397945  0.360000  1.080000

0.358138  0.380000  0.000000
0.337978  0.380000  0.020000
0.298906  0.380000  0.040000
0.243636  0.380000  0.060000
0.176504  0.380000  0.080000
0.103161  0.380000  0.100000
0.029665  0.380000  0.120000
-0.038724  0.380000  0.140000
-0.098460  0.380000  0.160000
-0.147977  0.380000  0.180000
-0.187345  0.380000  0.200000
-0.217660  0.380000  0.220000
-0.240463  0.380000  0.240000
-0.257339  0.380000  0.260000
-0.269705  0.380000  0.280000
-0.278725  0.380000  0.300000
-0.285308  0.380000  0.320000
-0.290136  0.380000  0.340000
-0.293708  0.380000  0.360000
-0.296373  0.380000  0.380000
-0.298364  0.380000  0.400000
-0.299825  0.380000  0.420000
-0.300879  0.380000  0.440000
-0.301585  0.380000  0.460000
-0.302012  0.380000  0.480000
-0.302246  0.380000  0.500000
-0.302356  0.380000  0.520000
-0.302388  0.380000  0.540000
-0.302356  0.380000  0.560000
-0.302246  0.380000  0.580000
-0.302012  0.380000  0.600000
-0.301585  0.380000  0.620000
-0.300879  0.380000  0.640000
-0.299825  0.380000  0.660000
-0.298364  0.380000  0.680000
-0.296373  0.380000  0.700000
-0.293708  0.380000  0.720000
-0.290136  0.380000  0.740000
-0.285308  0.380000  0.760000
-0.278725  0.380000  0.780000
-0.269705  0.380000  0.800000
-0.257339  0.380000  0.820000
-0.240463  0.380000  0.840000
-0.217660  0.380000  0.860000
-0.187345  0.380000  0.880000
-0.147977  0.380000  0.900000
-0.098460  0.380000  0.920000
-0.038724  0.380000  0.940000
0.029665  0.380000  0.960000
0.103161  0.380000  0.980000
0.176504  0.380000  1.000000
0.243636  0.380000  1.020000
0.298906  0.380000  1.040000
0.337978  0.380000  1.060000
0.358138  0.380000  1.080000

0.319916  0.400000  0.000000
0.299033  0.400000  0.020000
0.258884  0.400000  0.040000
0.202823  0.400000  0.060000
0.135888  0.400000  0.080000
0.064214  0.400000  0.100000
-0.006083  0.400000  0.120000
-0.070111  0.400000  0.140000
-0.124930  0.400000  0.160000
-0.169564  0.400000  0.180000
-0.204500  0.400000  0.200000
-0.231045  0.400000  0.220000
-0.250786  0.400000  0.240000
-0.265260  0.400000  0.260000
-0.275787  0.400000  0.280000
-0.283426  0.400000  0.300000
-0.288988  0.400000  0.320000
-0.293070  0.400000  0.340000
-0.296099  0.400000  0.360000
-0.298363  0.400000  0.380000
-0.300042  0.400000  0.400000
-0.301206  0.400000  0.420000
-0.301967  0.400000  0.440000
-0.302418  0.400000  0.460000
-0.302649  0.400000  0.480000
-0.302745  0.400000  0.500000
-0.302775  0.400000  0.520000
-0.302780  0.400000  0.540000
-0.302775  0.400000  0.560000
-0.302745  0.400000  0.580000
-0.302649  0.400000  0.600000
-0.302418  0.400000  0.620000
-0.301967  0.400000  0.640000
-0.301206  0.400000  0.660000
-0.300042  0.400000  0.680000
-0.298363  0.400000  0.700000
-0.296099  0.400000  0.720000
-0.293070  0.400000  0.740000
-0.288988  0.400000  0.760000
-0.283426  0.400000  0.780000
-0.275787  0.400000  0.800000
-0.265260  0.400000  0.820000
-0.250786  0.400000  0.840000
-0.231045  0.400000  0.860000
-0.204500  0.400000  0.880000
-0.169564  0.400000  0.900000
-0.124930  0.400000  0.920000
-0.070111  0.400000  0.940000
-0.006083  0.400000  0.960000
0.064214  0.400000  0.980000
0.135888  0.400000  1.000000
0.202823  0.400000  1.020000
0.258884  0.400000  1.040000
0.299033  0.400000  1.060000
0.319916  0.400000  1.080000

0.284445  0.420000  0.000000
0.263129  0.420000  0.020000
0.222447  0.420000  0.040000
0.166309  0.420000  0.060000
0.100299  0.420000  0.080000
0.030848  0.420000  0.100000
-0.036022  0.420000  0.120000
-0.095844  0.420000  0.140000
-0.146218  0.420000  0.160000
-0.186635  0.420000  0.180000
-0.217871  0.420000  0.200000
-0.241348  0.420000  0.220000
-0.258650  0.420000  0.240000
-0.271242  0.420000  0.260000
-0.280348  0.420000  0.280000
-0.286936  0.420000  0.300000
-0.291732  0.420000  0.320000
-0.295261  0.420000  0.340000
-0.297884  0.420000  0.360000
-0.299824  0.420000  0.380000
-0.301206  0.420000  0.400000
-0.302082  0.420000  0.420000
-0.302570  0.420000  0.440000
-0.302788  0.420000  0.460000
-0.302840  0.420000  0.480000
-0.302812  0.420000  0.500000
-0.302770  0.420000  0.520000
-0.302752  0.420000  0.540000
-0.302770  0.420000  0.560000
-0.302812  0.420000  0.580000
-0.302840  0.420000  0.600000
-0.302788  0.420000  0.620000
-0.302570  0.420000  0.640000
-0.302082  0.420000  0.660000
-0.301206  0.420000  0.680000
-0.299824  0.420000  0.700000
-0.297884  0.420000  0.720000
-0.295261  0.420000  0.740000
-0.291732  0.420000  0.760000
-0.286936  0.420000  0.780000
-0.280348  0.420000  0.800000
-0.271242  0.420000  0.820000
-0.258650  0.420000  0.840000
-0.241348  0.420000  0.860000
-0.217871  0.420000  0.880000
-0.186635  0.420000  0.900000
-0.146218  0.420000  0.920000
-0.095844  0.420000  0.940000
-0.036022  0.420000  0.960000
0.030848  0.420000  0.980000
0.100299  0.420000  1.000000
0.166309  0.420000  1.020000
0.222447  0.420000  1.040000
0.263129  0.420000  1.060000
0.284445  0.420000  1.080000

0.252780  0.440000  0.000000
0.231270  0.440000  0.020000
0.190483  0.440000  0.040000
0.134775  0.440000  0.060000
0.070125  0.440000  0.080000
0.003109  0.440000  0.100000
-0.060437  0.440000  0.120000
-0.116455  0.440000  0.140000
-0.162999  0.440000  0.160000
-0.199905  0.440000  0.180000
-0.228141  0.440000  0.200000
-0.249183  0.440000  0.220000
-0.264578  0.440000  0.240000
-0.275718  0.440000  0.260000
-0.283743  0.440000  0.280000
-0.289540  0.440000  0.300000
-0.293766  0.440000  0.320000
-0.296890  0.440000  0.340000
-0.299210  0.440000  0.360000
-0.300878  0.440000  0.380000
-0.301967  0.440000  0.400000
-0.302570  0.440000  0.420000
-0.302817  0.440000  0.440000
-0.302836  0.440000  0.460000
-0.302737  0.440000  0.480000
-0.302606  0.440000  0.500000
-0.302503  0.440000  0.520000
-0.302465  0.440000  0.540000
-0.302503  0.440000  0.560000
-0.302606  0.440000  0.580000
-0.302737  0.440000  0.600000
-0.302836  0.440000  0.620000
-0.302817  0.440000  0.640000
-0.302570  0.440000  0.660000
-0.301967  0.440000  0.680000
-0.300878  0.440000  0.700000
-0.299210  0.440000  0.720000
-0.296890  0.440000  0.740000
-0.293766  0.440000  0.760000
-0.289540  0.440000  0.780000
-0.283743  0.440000  0.800000
-0.275718  0.440000  0.820000
-0.264578  0.440000  0.840000
-0.249183  0.440000  0.860000
-0.228141  0.440000  0.880000
-0.199905  0.440000  0.900000
-0.162999  0.440000  0.920000
-0.116455  0.440000  0.940000
-0.060437  0.440000  0.960000
0.003109  0.440000  0.980000
0.070125  0.440000  1.000000
0.134775  0.440000  1.020000
0.190483  0.440000  1.040000
0.231270  0.440000  1.060000
0.252780  0.440000  1.080000

0.225804  0.460000  0.000000
0.204272  0.460000  0.020000
0.163664  0.460000  0.040000
0.108670  0.460000  0.060000
0.045534  0.460000  0.080000
-0.019132  0.460000  0.100000
-0.079703  0.460000  0.120000
-0.132482  0.460000  0.140000
-0.175880  0.460000  0.160000
-0.209979  0.460000  0.180000
-0.235863  0.460000  0.200000
-0.255024  0.460000  0.220000
-0.268967  0.460000  0.240000
-0.279012  0.460000  0.260000
-0.286229  0.460000  0.280000
-0.291440  0.460000  0.300000
-0.295248  0.460000  0.320000
-0.298074  0.460000  0.340000
-0.300164  0.460000  0.360000
-0.301584  0.460000  0.380000
-0.302417  0.460000  0.400000
-0.302788  0.460000  0.420000
-0.302836  0.460000  0.440000
-0.302696  0.460000  0.460000
-0.302477  0.460000  0.480000
-0.302265  0.460000  0.500000
-0.302115  0.460000  0.520000
-0.302061  0.460000  0.540000
-0.302115  0.460000  0.560000
-0.302265  0.460000  0.580000
-0.302477  0.460000  0.600000
-0.302696  0.460000  0.620000
-0.302836  0.460000  0.640000
-0.302788  0.460000  0.660000
-0.302417  0.460000  0.680000
-0.301584  0.460000  0.700000
-0.300164  0.460000  0.720000
-0.298074  0.460000  0.740000
-0.295248  0.460000  0.760000
-0.291440  0.460000  0.780000
-0.286229  0.460000  0.800000
-0.279012  0.460000  0.820000
-0.268967  0.460000  0.840000
-0.255024  0.460000  0.860000
-0.235863  0.460000  0.880000
-0.209979  0.460000  0.900000
-0.175880  0.460000  0.920000
-0.132482  0.460000  0.940000
-0.079703  0.460000  0.960000
-0.019132  0.460000  0.980000
0.045534  0.460000  1.000000
0.108670  0.460000  1.020000
0.163664  0.460000  1.040000
0.204272  0.460000  1.060000
0.225804  0.460000  1.080000

0.204203  0.480000  0.000000
0.182746  0.480000  0.020000
0.142455  0.480000  0.040000
0.088251  0.480000  0.060000
0.026540  0.480000  0.080000
-0.036087  0.480000  0.100000
-0.094207  0.480000  0.120000
-0.144412  0.480000  0.140000
-0.185371  0.480000  0.160000
-0.217337  0.480000  0.180000
-0.241461  0.480000  0.200000
-0.259232  0.480000  0.220000
-0.272110  0.480000  0.240000
-0.281359  0.480000  0.260000
-0.287992  0.480000  0.280000
-0.292780  0.480000  0.300000
-0.296285  0.480000  0.320000
-0.298886  0.480000  0.340000
-0.300789  0.480000  0.360000
-0.302011  0.480000  0.380000
-0.302648  0.480000  0.400000
-0.302840  0.480000  0.420000
-0.302737  0.480000  0.440000
-0.302477  0.480000  0.460000
-0.302170  0.480000  0.480000
-0.301897  0.480000  0.500000
-0.301713  0.480000  0.520000
-0.301648  0.480000  0.540000
-0.301713  0.480000  0.560000
-0.301897  0.480000  0.580000
-0.302170  0.480000  0.600000
-0.302477  0.480000  0.620000
-0.302737  0.480000  0.640000
-0.302840  0.480000  0.660000
-0.302648  0.480000  0.680000
-0.302011  0.480000  0.700000
-0.300789  0.480000  0.720000
-0.298886  0.480000  0.740000
-0.296285  0.480000  0.760000
-0.292780  0.480000  0.780000
-0.287992  0.480000  0.800000
-0.281359  0.480000  0.820000
-0.272110  0.480000  0.840000
-0.259232  0.480000  0.860000
-0.241461  0.480000  0.880000
-0.217337  0.480000  0.900000
-0.185371  0.480000  0.920000
-0.144412  0.480000  0.940000
-0.094207  0.480000  0.960000
-0.036087  0.480000  0.980000
0.026540  0.480000  1.000000
0.088251  0.480000  1.020000
0.142455  0.480000  1.040000
0.182746  0.480000  1.060000
0.204203  0.480000  1.080000

0.188464  0.500000  0.000000
0.167115  0.500000  0.020000
0.127149  0.500000  0.040000
0.073637  0.500000  0.060000
0.013074  0.500000  0.080000
-0.047991  0.500000  0.100000
-0.104296  0.500000  0.120000
-0.152640  0.500000  0.140000
-0.191870  0.500000  0.160000
-0.222343  0.500000  0.180000
-0.245249  0.500000  0.200000
-0.262065  0.500000  0.220000
-0.274216  0.500000  0.240000
-0.282925  0.500000  0.260000
-0.289163  0.500000  0.280000
-0.293664  0.500000  0.300000
-0.296959  0.500000  0.320000
-0.299400  0.500000  0.340000
-0.301163  0.500000  0.360000
-0.302245  0.500000  0.380000
-0.302744  0.500000  0.400000
-0.302812  0.500000  0.420000
-0.302606  0.500000  0.440000
-0.302265  0.500000  0.460000
-0.301897  0.500000  0.480000
-0.301584  0.500000  0.500000
-0.301376  0.500000  0.520000
-0.301303  0.500000  0.540000
-0.301376  0.500000  0.560000
-0.301584  0.500000  0.580000
-0.301897  0.500000  0.600000
-0.302265  0.500000  0.620000
-0.302606  0.500000  0.640000
-0.302812  0.500000  0.660000
-0.302744  0.500000  0.680000
-0.302245  0.500000  0.700000
-0.301163  0.500000  0.720000
-0.299400  0.500000  0.740000
-0.296959  0.500000  0.760000
-0.293664  0.500000  0.780000
-0.289163  0.500000  0.800000
-0.282925  0.500000  0.820000
-0.274216  0.500000  0.840000
-0.262065  0.500000  0.860000
-0.245249  0.500000  0.880000
-0.222343  0.500000  0.900000
-0.191870  0.500000  0.920000
-0.152640  0.500000  0.940000
-0.104296  0.500000  0.960000
-0.047991  0.500000  0.980000
0.013074  0.500000  1.000000
0.073637  0.500000  1.020000
0.127149  0.500000  1.040000
0.167115  0.500000  1.060000
0.188464  0.500000  1.080000

0.178905  0.520000  0.000000
0.157642  0.520000  0.020000
0.117912  0.520000  0.040000
0.064867  0.520000  0.060000
0.005043  0.520000  0.080000
-0.055044  0.520000  0.100000
-0.110237  0.520000  0.120000
-0.157458  0.520000  0.140000
-0.195657  0.520000  0.160000
-0.225248  0.520000  0.180000
-0.247439  0.520000  0.200000
-0.263697  0.520000  0.220000
-0.275427  0.520000  0.240000
-0.283823  0.520000  0.260000
-0.289831  0.520000  0.280000
-0.294166  0.520000  0.300000
-0.297337  0.520000  0.320000
-0.299680  0.520000  0.340000
-0.301357  0.520000  0.360000
-0.302355  0.520000  0.380000
-0.302774  0.520000  0.400000
-0.302770  0.520000  0.420000
-0.302503  0.520000  0.440000
-0.302115  0.520000  0.460000
-0.301713  0.520000  0.480000
-0.301376  0.520000  0.500000
-0.301154  0.520000  0.520000
-0.301078  0.520000  0.540000
-0.301154  0.520000  0.560000
-0.301376  0.520000  0.580000
-0.301713  0.520000  0.600000
-0.302115  0.520000  0.620000
-0.302503  0.520000  0.640000
-0.302770  0.520000  0.660000
-0.302774  0.520000  0.680000
-0.302355  0.520000  0.700000
-0.301357  0.520000  0.720000
-0.299680  0.520000  0.740000
-0.297337  0.520000  0.760000
-0.294166  0.520000  0.780000
-0.289831  0.520000  0.800000
-0.283823  0.520000  0.820000
-0.275427  0.520000  0.840000
-0.263697  0.520000  0.860000
-0.247439  0.520000  0.880000
-0.225248  0.520000  0.900000
-0.195657  0.520000  0.920000
-0.157458  0.520000  0.940000
-0.110237  0.520000  0.960000
-0.055044  0.520000  0.980000
0.005043  0.520000  1.000000
0.064867  0.520000  1.020000
0.117912  0.520000  1.040000
0.157642  0.520000  1.060000
0.178905  0.520000  1.080000

0.175700  0.540000  0.000000
0.154470  0.540000  0.020000
0.114825  0.540000  0.040000
0.061945  0.540000  0.060000
0.002376  0.540000  0.080000
-0.057380  0.540000  0.100000
-0.112199  0.540000  0.120000
-0.159045  0.540000  0.140000
-0.196901  0.540000  0.160000
-0.226200  0.540000  0.180000
-0.248156  0.540000  0.200000
-0.264231  0.540000  0.220000
-0.275822  0.540000  0.240000
-0.284115  0.540000  0.260000
-0.290048  0.540000  0.280000
-0.294328  0.540000  0.300000
-0.297458  0.540000  0.320000
-0.299768  0.540000  0.340000
-0.301416  0.540000  0.360000
-0.302387  0.540000  0.380000
-0.302779  0.540000  0.400000
-0.302751  0.540000  0.420000
-0.302465  0.540000  0.440000
-0.302061  0.540000  0.460000
-0.301648  0.540000  0.480000
-0.301303  0.540000  0.500000
-0.301078  0.540000  0.520000
-0.300999  0.540000  0.540000
-0.301078  0.540000  0.560000
-0.301303  0.540000  0.580000
-0.301648  0.540000  0.600000
-0.302061  0.540000  0.620000
-0.302465  0.540000  0.640000
-0.302751  0.540000  0.660000
-0.302779  0.540000  0.680000
-0.302387  0.540000  0.700000
-0.301416  0.540000  0.720000
-0.299768  0.540000  0.740000
-0.297458  0.540000  0.760000
-0.294328  0.540000  0.780000
-0.290048  0.540000  0.800000
-0.284115  0.540000  0.820000
-0.275822  0.540000  0.840000
-0.264231  0.540000  0.860000
-0.248156  0.540000  0.880000
-0.226200  0.540000  0.900000
-0.196901  0.540000  0.920000
-0.159045  0.540000  0.940000
-0.112199  0.540000  0.960000
-0.057380  0.540000  0.980000
0.002376  0.540000  1.000000
0.061945  0.540000  1.020000
0.114825  0.540000  1.040000
0.154470  0.540000  1.060000
0.175700  0.540000  1.080000

0.178905  0.560000  0.000000
0.157642  0.560000  0.020000
0.117912  0.560000  0.040000
0.064867  0.560000  0.060000
0.005043  0.560000  0.080000
-0.055044  0.560000  0.100000
-0.110237  0.560000  0.120000
-0.157458  0.560000  0.140000
-0.195657  0.560000  0.160000
-0.225248  0.560000  0.180000
-0.247439  0.560000  0.200000
-0.263697  0.560000  0.220000
-0.275427  0.560000  0.240000
-0.283823  0.560000  0.260000
-0.289831  0.560000  0.280000
-0.294166  0.560000  0.300000
-0.297337  0.560000  0.320000
-0.299680  0.560000  0.340000
-0.301357  0.560000  0.360000
-0.302355  0.560000  0.380000
-0.302774  0.560000  0.400000
-0.302770  0.560000  0.420000
-0.302503  0.560000  0.440000
-0.302115  0.560000  0.460000
-0.301713  0.560000  0.480000
-0.301376  0.560000  0.500000
-0.301154  0.560000  0.520000
-0.301078  0.560000  0.540000
-0.301154  0.560000  0.560000
-0.301376  0.560000  0.580000
-0.301713  0.560000  0.600000
-0.302115  0.560000  0.620000
-0.302503  0.560000  0.640000
-0.302770  0.560000  0.660000
-0.302774  0.560000  0.680000
-0.302355  0.560000  0.700000
-0.301357  0.560000  0.720000
-0.299680  0.560000  0.740000
-0.297337  0.560000  0.760000
-0.294166  0.560000  0.780000
-0.289831  0.560000  0.800000
-0.283823  0.560000  0.820000
-0.275427  0.560000  0.840000
-0.263697  0.560000  0.860000
-0.247439  0.560000  0.880000
-0.225248  0.560000  0.900000
-0.195657  0.560000  0.920000
-0.157458  0.560000  0.940000
-0.110237  0.560000  0.960000
-0.055044  0.560000  0.980000
0.005043  0.560000  1.000000
0.064867  0.560000  1.020000
0.117912  0.560000  1.040000
0.157642  0.560000  1.060000
0.178905  0.560000  1.080000

0.188464  0.580000  0.000000
0.167115  0.580000  0.020000
0.127149  0.580000  0.040000
0.073637  0.580000  0.060000
0.013074  0.580000  0.080000
-0.047991  0.580000  0.100000
-0.104296  0.580000  0.120000
-0.152640  0.580000  0.140000
-0.191870  0.580000  0.160000
-0.222343  0.580000  0.180000
-0.245249  0.580000  0.200000
-0.262065  0.580000  0.220000
-0.274216  0.580000  0.240000
-0.282925  0.580000  0.260000
-0.289163  0.580000  0.280000
-0.293664  0.580000  0.300000
-0.296959  0.580000  0.320000
-0.299400  0.580000  0.340000
-0.301163  0.580000  0.360000
-0.302245  0.580000  0.380000
-0.302744  0.580000  0.400000
-0.302812  0.580000  0.420000
-0.302606  0.580000  0.440000
-0.302265  0.580000  0.460000
-0.301897  0.580000  0.480000
-0.301584  0.580000  0.500000
-0.301376  0.580000  0.520000
-0.301303  0.580000  0.540000
-0.301376  0.580000  0.560000
-0.301584  0.580000  0.580000
-0.301897  0.580000  0.600000
-0.302265  0.580000  0.620000
-0.302606  0.580000  0.640000
-0.302812  0.580000  0.660000
-0.302744  0.580000  0.680000
-0.302245  0.580000  0.700000
-0.301163  0.580000  0.720000
-0.299400  0.580000  0.740000
-0.296959  0.580000  0.760000
-0.293664  0.580000  0.780000
-0.289163  0.580000  0.800000
-0.282925  0.580000  0.820000
-0.274216  0.580000  0.840000
-0.262065  0.580000  0.860000
-0.245249  0.580000  0.880000
-0.222343  0.580000  0.900000
-0.191870  0.580000  0.920000
-0.152640  0.580000  0.940000
-0.104296  0.580000  0.960000
-0.047991  0.580000  0.980000
0.013074  0.580000  1.000000
0.073637  0.580000  1.020000
0.127149  0.580000  1.040000
0.167115  0.580000  1.060000
0.188464  0.580000  1.080000

0.204203  0.600000  0.000000
0.182746  0.600000  0.020000
0.142455  0.600000  0.040000
0.088251  0.600000  0.060000
0.026540  0.600000  0.080000
-0.036087  0.600000  0.100000
-0.094207  0.600000  0.120000
-0.144412  0.600000  0.140000
-0.185371  0.600000  0.160000
-0.217337  0.600000  0.180000
-0.241461  0.600000  0.200000
-0.259232  0.600000  0.220000
-0.272110  0.600000  0.240000
-0.281359  0.600000  0.260000
-0.287992  0.600000  0.280000
-0.292780  0.600000  0.300000
-0.296285  0.600000  0.320000
-0.298886  0.600000  0.340000
-0.300789  0.600000  0.360000
-0.302011  0.600000  0.380000
-0.302648  0.600000  0.400000
-0.302840  0.600000  0.420000
-0.302737  0.600000  0.440000
-0.302477  0.600000  0.460000
-0.302170  0.600000  0.480000
-0.301897  0.600000  0.500000
-0.301713  0.600000  0.520000
-0.301648  0.600000  0.540000
-0.301713  0.600000  0.560000
-0.301897  0.600000  0.580000
-0.302170  0.600000  0.600000
-0.302477  0.600000  0.620000
-0.302737  0.600000  0.640000
-0.302840  0.600000  0.660000
-0.302648  0.600000  0.680000
-0.302011  0.600000  0.700000
-0.300789  0.600000  0.720000
-0.298886  0.600000  0.740000
-0.296285  0.600000  0.760000
-0.292780  0.600000  0.780000
-0.287992  0.600000  0.800000
-0.281359  0.600000  0.820000
-0.272110  0.600000  0.840000
-0.259232  0.600000  0.860000
-0.241461  0.600000  0.880000
-0.217337  0.600000  0.900000
-0.185371  0.600000  0.920000
-0.144412  0.600000  0.940000
-0.094207  0.600000  0.960000
-0.036087  0.600000  0.980000
0.026540  0.600000  1.000000
0.088251  0.600000  1.020000
0.142455  0.600000  1.040000
0.182746  0.600000  1.060000
0.204203  0.600000  1.080000

0.225804  0.620000  0.000000
0.204272  0.620000  0.020000
0.163664  0.620000  0.040000
0.108670  0.620000  0.060000
0.045534  0.620000  0.080000
-0.019132  0.620000  0.100000
-0.079703  0.620000  0.120000
-0.132482  0.620000  0.140000
-0.175880  0.620000  0.160000
-0.209979  0.620000  0.180000
-0.235863  0.620000  0.200000
-0.255024  0.620000  0.220000
-0.268967  0.620000  0.240000
-0.279012  0.620000  0.260000
-0.286229  0.620000  0.280000
-0.291440  0.620000  0.300000
-0.295248  0.620000  0.320000
-0.298074  0.620000  0.340000
-0.300164  0.620000  0.360000
-0.301584  0.620000  0.380000
-0.302417  0.620000  0.400000
-0.302788  0.620000  0.420000
-0.302836  0.620000  0.440000
-0.302696  0.620000  0.460000
-0.302477  0.620000  0.480000
-0.302265  0.620000  0.500000
-0.302115  0.620000  0.520000
-0.302061  0.620000  0.540000
-0.302115  0.620000  0.560000
-0.302265  0.620000  0.580000
-0.302477  0.620000  0.600000
-0.302696  0.620000  0.620000
-0.302836  0.620000  0.640000
-0.302788  0.620000  0.660000
-0.302417  0.620000  0.680000
-0.301584  0.620000  0.700000
-0.300164  0.620000  0.720000
-0.298074  0.620000  0.740000
-0.295248  0.620000  0.760000
-0.291440  0.620000  0.780000
-0.286229  0.620000  0.800000
-0.279012  0.620000  0.820000
-0.268967  0.620000  0.840000
-0.255024  0.620000  0.860000
-0.235863  0.620000  0.880000
-0.209979  0.620000  0.900000
-0.175880  0.620000  0.920000
-0.132482  0.620000  0.940000
-0.079703  0.620000  0.960000
-0.019132  0.620000  0.980000
0.045534  0.620000  1.000000
0.108670  0.620000  1.020000
0.163664  0.620000  1.040000
0.204272  0.620000  1.060000
0.225804  0.620000  1.080000

0.252780  0.640000  0.000000
0.231270  0.640000  0.020000
0.190483  0.640000  0.040000
0.134775  0.640000  0.060000
0.070125  0.640000  0.080000
0.003109  0.640000  0.100000
-0.060437  0.640000  0.120000
-0.116455  0.640000  0.140000
-0.162999  0.640000  0.160000
-0.199905  0.640000  0.180000
-0.228141  0.640000  0.200000
-0.249183  0.640000  0.220000
-0.264578  0.640000  0.240000
-0.275718  0.640000  0.260000
-0.283743  0.640000  0.280000
-0.289540  0.640000  0.300000
-0.293766  0.640000  0.320000
-0.296890  0.640000  0.340000
-0.299210  0.640000  0.360000
-0.300878  0.640000  0.380000
-0.301967  0.640000  0.400000
-0.302570  0.640000  0.420000
-0.302817  0.640000  0.440000
-0.302836  0.640000  0.460000
-0.302737  0.640000  0.480000
-0.302606  0.640000  0.500000
-0.302503  0.640000  0.520000
-0.302465  0.640000  0.540000
-0.302503  0.640000  0.560000
-0.302606  0.640000  0.580000
-0.302737  0.640000  0.600000
-0.302836  0.640000  0.620000
-0.302817  0.640000  0.640000
-0.302570  0.640000  0.660000
-0.301967  0.640000  0.680000
-0.300878  0.640000  0.700000
-0.299210  0.640000  0.720000
-0.296890  0.640000  0.740000
-0.293766  0.640000  0.760000
-0.289540  0.640000  0.780000
-0.283743  0.640000  0.800000
-0.275718  0.640000  0.820000
-0.264578  0.640000  0.840000
-0.249183  0.640000  0.860000
-0.228141  0.640000  0.880000
-0.199905  0.640000  0.900000
-0.162999  0.640000  0.920000
-0.116455  0.640000  0.940000
-0.060437  0.640000  0.960000
0.003109  0.640000  0.980000
0.070125  0.640000  1.000000
0.134775  0.640000  1.020000
0.190483  0.640000  1.040000
0.231270  0.640000  1.060000
0.252780  0.640000  1.080000

0.284445  0.660000  0.000000
0.263129  0.660000  0.020000
0.222447  0.660000  0.040000
0.166309  0.660000  0.060000
0.100299  0.660000  0.080000
0.030848  0.660000  0.100000
-0.036022  0.660000  0.120000
-0.095844  0.660000  0.140000
-0.146218  0.660000  0.160000
-0.186635  0.660000  0.180000
-0.217871  0.660000  0.200000
-0.241348  0.660000  0.220000
-0.258650  0.660000  0.240000
-0.271242  0.660000  0.260000
-0.280348  0.660000  0.280000
-0.286936  0.660000  0.300000
-0.291732  0.660000  0.320000
-0.295261  0.660000  0.340000
-0.297884  0.660000  0.360000
-0.299824  0.660000  0.380000
-0.301206  0.660000  0.400000
-0.302082  0.660000  0.420000
-0.302570  0.660000  0.440000
-0.302788  0.660000  0.460000
-0.302840  0.660000  0.480000
-0.302812  0.660000  0.500000
-0.302770  0.660000  0.520000
-0.302752  0.660000  0.540000
-0.302770  0.660000  0.560000
-0.302812  0.660000  0.580000
-0.302840  0.660000  0.600000
-0.302788  0.660000  0.620000
-0.302570  0.660000  0.640000
-0.302082  0.660000  0.660000
-0.301206  0.660000  0.680000
-0.299824  0.660000  0.700000
-0.297884  0.660000  0.720000
-0.295261  0.660000  0.740000
-0.291732  0.660000  0.760000
-0.286936  0.660000  0.780000
-0.280348  0.660000  0.800000
-0.271242  0.660000  0.820000
-0.258650  0.660000  0.840000
-0.241348  0.660000  0.860000
-0.217871  0.660000  0.880000
-0.186635  0.660000  0.900000
-0.146218  0.660000  0.920000
-0.095844  0.660000  0.940000
-0.036022  0.660000  0.960000
0.030848  0.660000  0.980000
0.100299  0.660000  1.000000
0.166309  0.660000  1.020000
0.222447  0.660000  1.040000
0.263129  0.660000  1.060000
0.284445  0.660000  1.080000

0.319916  0.680000  0.000000
0.299033  0.680000  0.020000
0.258884  0.680000  0.040000
0.202823  0.680000  0.060000
0.135888  0.680000  0.080000
0.064214  0.680000  0.100000
-0.006083  0.680000  0.120000
-0.070111  0.680000  0.140000
-0.124930  0.680000  0.160000
-0.169564  0.680000  0.180000
-0.204500  0.680000  0.200000
-0.231045  0.680000  0.220000
-0.250786  0.680000  0.240000
-0.265260  0.680000  0.260000
-0.275787  0.680000  0.280000
-0.283426  0.680000  0.300000
-0.288988  0.680000  0.320000
-0.293070  0.680000  0.340000
-0.296099  0.680000  0.360000
-0.298363  0.680000  0.380000
-0.300042  0.680000  0.400000
-0.301206  0.680000  0.420000
-0.301967  0.680000  0.440000
-0.302418  0.680000  0.460000
-0.302649  0.680000  0.480000
-0.302745  0.680000  0.500000
-0.302775  0.680000  0.520000
-0.302780  0.680000  0.540000
-0.302775  0.680000  0.560000
-0.302745  0.680000  0.580000
-0.302649  0.680000  0.600000
-0.302418  0.680000  0.620000
-0.301967  0.680000  0.640000
-0.301206  0.680000  0.660000
-0.300042  0.680000  0.680000
-0.298363  0.680000  0.700000
-0.296099  0.680000  0.720000
-0.293070  0.680000  0.740000
-0.288988  0.680000  0.760000
-0.283426  0.680000  0.780000
-0.275787  0.680000  0.800000
-0.265260  0.680000  0.820000
-0.250786  0.680000  0.840000
-0.231045  0.680000  0.860000
-0.204500  0.680000  0.880000
-0.169564  0.680000  0.900000
-0.124930  0.680000  0.920000
-0.070111  0.680000  0.940000
-0.006083  0.680000  0.960000
0.064214  0.680000  0.980000
0.135888  0.680000  1.000000
0.202823  0.680000  1.020000
0.258884  0.680000  1.040000
0.299033  0.680000  1.060000
0.319916  0.680000  1.080000

0.358138  0.700000  0.000000
0.337978  0.700000  0.020000
0.298906  0.700000  0.040000
0.243636  0.700000  0.060000
0.176504  0.700000  0.080000
0.103161  0.700000  0.100000
0.029665  0.700000  0.120000
-0.038724  0.700000  0.140000
-0.098460  0.700000  0.160000
-0.147977  0.700000  0.180000
-0.187345  0.700000  0.200000
-0.217660  0.700000  0.220000
-0.240463  0.700000  0.240000
-0.257339  0.700000  0.260000
-0.269705  0.700000  0.280000
-0.278725  0.700000  0.300000
-0.285308  0.700000  0.320000
-0.290136  0.700000  0.340000
-0.293708  0.700000  0.360000
-0.296373  0.700000  0.380000
-0.298364  0.700000  0.400000
-0.299825  0.700000  0.420000
-0.300879  0.700000  0.440000
-0.301585  0.700000  0.460000
-0.302012  0.700000  0.480000
-0.302246  0.700000  0.500000
-0.302356  0.700000  0.520000
-0.302388  0.700000  0.540000
-0.302356  0.700000  0.560000
-0.302246  0.700000  0.580000
-0.302012  0.700000  0.600000
-0.301585  0.700000  0.620000
-0.300879  0.700000  0.640000
-0.299825  0.700000  0.660000
-0.298364  0.700000  0.680000
-0.296373  0.700000  0.700000
-0.293708  0.700000  0.720000
-0.290136  0.700000  0.740000
-0.285308  0.700000  0.760000
-0.278725  0.700000  0.780000
-0.269705  0.700000  0.800000
-0.257339  0.700000  0.820000
-0.240463  0.700000  0.840000
-0.217660  0.700000  0.860000
-0.187345  0.700000  0.880000
-0.147977  0.700000  0.900000
-0.098460  0.700000  0.920000
-0.038724  0.700000  0.940000
0.029665  0.700000  0.960000
0.103161  0.700000  0.980000
0.176504  0.700000  1.000000
0.243636  0.700000  1.020000
0.298906  0.700000  1.040000
0.337978  0.700000  1.060000
0.358138  0.700000  1.080000

0.397945  0.720000  0.000000
0.378818  0.720000  0.020000
0.341433  0.720000  0.040000
0.287818  0.720000  0.060000
0.221481  0.720000  0.080000
0.147385  0.720000  0.100000
0.071312  0.720000  0.120000
-0.001239  0.720000  0.140000
-0.066121  0.720000  0.160000
-0.121071  0.720000  0.180000
-0.165591  0.720000  0.200000
-0.200434  0.720000  0.220000
-0.227008  0.720000  0.240000
-0.246905  0.720000  0.260000
-0.261625  0.720000  0.280000
-0.272441  0.720000  0.300000
-0.280373  0.720000  0.320000
-0.286202  0.720000  0.340000
-0.290507  0.720000  0.360000
-0.293709  0.720000  0.380000
-0.296100  0.720000  0.400000
-0.297885  0.720000  0.420000
-0.299211  0.720000  0.440000
-0.300166  0.720000  0.460000
-0.300790  0.720000  0.480000
-0.301164  0.720000  0.500000
-0.301358  0.720000  0.520000
-0.301417  0.720000  0.540000
-0.301358  0.720000  0.560000
-0.301164  0.720000  0.580000
-0.300790  0.720000  0.600000
-0.300166  0.720000  0.620000
-0.299211  0.720000  0.640000
-0.297885  0.720000  0.660000
-0.296100  0.720000  0.680000
-0.293709  0.720000  0.700000
-0.290507  0.720000  0.720000
-0.286202  0.720000  0.740000
-0.280373  0.720000  0.760000
-0.272441  0.720000  0.780000
-0.261625  0.720000  0.800000
-0.246905  0.720000  0.820000
-0.227008  0.720000  0.840000
-0.200434  0.720000  0.860000
-0.165591  0.720000  0.880000
-0.121071  0.720000  0.900000
-0.066121  0.720000  0.920000
-0.001239  0.720000  0.940000
0.071312  0.720000  0.960000
0.147385  0.720000  0.980000
0.221481  0.720000  1.000000
0.287818  0.720000  1.020000
0.341433  0.720000  1.040000
0.378818  0.720000  1.060000
0.397945  0.720000  1.080000

0.438148  0.740000  0.000000
0.420346  0.740000  0.020000
0.385257  0.740000  0.040000
0.334223  0.740000  0.060000
0.269855  0.740000  0.080000
0.196246  0.740000  0.100000
0.118649  0.740000  0.120000
0.042575  0.740000  0.140000
-0.027321  0.740000  0.160000
-0.088022  0.740000  0.180000
-0.138317  0.740000  0.200000
-0.178455  0.740000  0.220000
-0.209583  0.740000  0.240000
-0.233222  0.740000  0.260000
-0.250918  0.740000  0.280000
-0.264048  0.740000  0.300000
-0.273746  0.740000  0.320000
-0.280905  0.740000  0.340000
-0.286203  0.740000  0.360000
-0.290138  0.740000  0.380000
-0.293072  0.740000  0.400000
-0.295263  0.740000  0.420000
-0.296892  0.740000  0.440000
-0.298078  0.740000  0.460000
-0.298890  0.740000  0.480000
-0.299403  0.740000  0.500000
-0.299684  0.740000  0.520000
-0.299772  0.740000  0.540000
-0.299684  0.740000  0.560000
-0.299403  0.740000  0.580000
-0.298890  0.740000  0.600000
-0.298078  0.740000  0.620000
-0.296892  0.740000  0.640000
-0.295263  0.740000  0.660000
-0.293072  0.740000  0.680000
-0.290138  0.740000  0.700000
-0.286203  0.740000  0.720000
-0.280905  0.740000  0.740000
-0.273746  0.740000  0.760000
-0.264048  0.740000  0.780000
-0.250918  0.740000  0.800000
-0.233222  0.740000  0.820000
-0.209583  0.740000  0.840000
-0.178455  0.740000  0.860000
-0.138317  0.740000  0.880000
-0.088022  0.740000  0.900000
-0.027321  0.740000  0.920000
0.042575  0.740000  0.940000
0.118649  0.740000  0.960000
0.196246  0.740000  0.980000
0.269855  0.740000  1.000000
0.334223  0.740000  1.020000
0.385257  0.740000  1.040000
0.420346  0.740000  1.060000
0.438148  0.740000  1.080000

0.477630  0.760000  0.000000
0.461396  0.760000  0.020000
0.429133  0.760000  0.040000
0.381559  0.760000  0.060000
0.320391  0.760000  0.080000
0.248736  0.760000  0.100000
0.171066  0.760000  0.120000
0.092605  0.760000  0.140000
0.018309  0.760000  0.160000
-0.048092  0.760000  0.180000
-0.104568  0.760000  0.200000
-0.150692  0.760000  0.220000
-0.187180  0.760000  0.240000
-0.215366  0.760000  0.260000
-0.236771  0.760000  0.280000
-0.252843  0.760000  0.300000
-0.264832  0.760000  0.320000
-0.273747  0.760000  0.340000
-0.280375  0.760000  0.360000
-0.285310  0.760000  0.380000
-0.288990  0.760000  0.400000
-0.291734  0.760000  0.420000
-0.293770  0.760000  0.440000
-0.295252  0.760000  0.460000
-0.296288  0.760000  0.480000
-0.296963  0.760000  0.500000
-0.297341  0.760000  0.520000
-0.297462  0.760000  0.540000
-0.297341  0.760000  0.560000
-0.296963  0.760000  0.580000
-0.296288  0.760000  0.600000
-0.295252  0.760000  0.620000
-0.293770  0.760000  0.640000
-0.291734  0.760000  0.660000
-0.288990  0.760000  0.680000
-0.285310  0.760000  0.700000
-0.280375  0.760000  0.720000
-0.273747  0.760000  0.740000
-0.264832  0.760000  0.760000
-0.252843  0.760000  0.780000
-0.236771  0.760000  0.800000
-0.215366  0.760000  0.820000
-0.187180  0.760000  0.840000
-0.150692  0.760000  0.860000
-0.104568  0.760000  0.880000
-0.048092  0.760000  0.900000
0.018309  0.760000  0.920000
0.092605  0.760000  0.940000
0.171066  0.760000  0.960000
0.248736  0.760000  0.980000
0.320391  0.760000  1.000000
0.381559  0.760000  1.020000
0.429133  0.760000  1.040000
0.461396  0.760000  1.060000
0.477630  0.760000  1.080000

0.515438  0.780000  0.000000
0.500933  0.780000  0.020000
0.471887  0.780000  0.040000
0.428498  0.780000  0.060000
0.371672  0.780000  0.080000
0.303503  0.780000  0.100000
0.227490  0.780000  0.120000
0.148256  0.780000  0.140000
0.070740  0.780000  0.160000
-0.000792  0.780000  0.180000
-0.063478  0.780000  0.200000
-0.116065  0.780000  0.220000
-0.158656  0.780000  0.240000
-0.192227  0.780000  0.260000
-0.218164  0.780000  0.280000
-0.237925  0.780000  0.300000
-0.252845  0.780000  0.320000
-0.264050  0.780000  0.340000
-0.272445  0.780000  0.360000
-0.278728  0.780000  0.380000
-0.283430  0.780000  0.400000
-0.286940  0.780000  0.420000
-0.289544  0.780000  0.440000
-0.291444  0.780000  0.460000
-0.292784  0.780000  0.480000
-0.293669  0.780000  0.500000
-0.294170  0.780000  0.520000
-0.294333  0.780000  0.540000
-0.294170  0.780000  0.560000
-0.293669  0.780000  0.580000
-0.292784  0.780000  0.600000
-0.291444  0.780000  0.620000
-0.289544  0.780000  0.640000
-0.286940  0.780000  0.660000
-0.283430  0.780000  0.680000
-0.278728  0.780000  0.700000
-0.272445  0.780000  0.720000
-0.264050  0.780000  0.740000
-0.252845  0.780000  0.760000
-0.237925  0.780000  0.780000
-0.218164  0.780000  0.800000
-0.192227  0.780000  0.820000
-0.158656  0.780000  0.840000
-0.116065  0.780000  0.860000
-0.063478  0.780000  0.880000
-0.000792  0.780000  0.900000
0.070740  0.780000  0.920000
0.148256  0.780000  0.940000
0.227490  0.780000  0.960000
0.303503  0.780000  0.980000
0.371672  0.780000  1.000000
0.428498  0.780000  1.020000
0.471887  0.780000  1.040000
0.500933  0.780000  1.060000
0.515438  0.780000  1.080000

0.550837  0.800000  0.000000
0.538131  0.800000  0.020000
0.512513  0.800000  0.040000
0.473798  0.800000  0.060000
0.422224  0.800000  0.080000
0.358947  0.800000  0.100000
0.286415  0.800000  0.120000
0.208373  0.800000  0.140000
0.129375  0.800000  0.160000
0.053909  0.800000  0.180000
-0.014460  0.800000  0.200000
-0.073599  0.800000  0.220000
-0.122821  0.800000  0.240000
-0.162551  0.800000  0.260000
-0.193879  0.800000  0.280000
-0.218166  0.800000  0.300000
-0.236774  0.800000  0.320000
-0.250923  0.800000  0.340000
-0.261630  0.800000  0.360000
-0.269710  0.800000  0.380000
-0.275792  0.800000  0.400000
-0.280354  0.800000  0.420000
-0.283749  0.800000  0.440000
-0.286235  0.800000  0.460000
-0.287998  0.800000  0.480000
-0.289169  0.800000  0.500000
-0.289837  0.800000  0.520000
-0.290054  0.800000  0.540000
-0.289837  0.800000  0.560000
-0.289169  0.800000  0.580000
-0.287998  0.800000  0.600000
-0.286235  0.800000  0.620000
-0.283749  0.800000  0.640000
-0.280354  0.800000  0.660000
-0.275792  0.800000  0.680000
-0.269710  0.800000  0.700000
-0.261630  0.800000  0.720000
-0.250923  0.800000  0.740000
-0.236774  0.800000  0.760000
-0.218166  0.800000  0.780000
-0.193879  0.800000  0.800000
-0.162551  0.800000  0.820000
-0.122821  0.800000  0.840000
-0.073599  0.800000  0.860000
-0.014460  0.800000  0.880000
0.053909  0.800000  0.900000
0.129375  0.800000  0.920000
0.208373  0.800000  0.940000
0.286415  0.800000  0.960000
0.358947  0.800000  0.980000
0.422224  0.800000  1.000000
0.473798  0.800000  1.020000
0.512513  0.800000  1.040000
0.538131  0.800000  1.060000
0.550837  0.800000  1.080000

0.583335  0.820000  0.000000
0.572405  0.820000  0.020000
0.550243  0.820000  0.040000
0.516414  0.820000  0.060000
0.470669  0.820000  0.080000
0.413389  0.820000  0.100000
0.346012  0.820000  0.120000
0.271256  0.820000  0.140000
0.192942  0.820000  0.160000
0.115381  0.820000  0.180000
0.042545  0.820000  0.200000
-0.022643  0.820000  0.220000
-0.078611  0.820000  0.240000
-0.125049  0.820000  0.260000
-0.162553  0.820000  0.280000
-0.192232  0.820000  0.300000
-0.215372  0.820000  0.320000
-0.233229  0.820000  0.340000
-0.246913  0.820000  0.360000
-0.257347  0.820000  0.380000
-0.265268  0.820000  0.400000
-0.271250  0.820000  0.420000
-0.275726  0.820000  0.440000
-0.279020  0.820000  0.460000
-0.281367  0.820000  0.480000
-0.282933  0.820000  0.500000
-0.283830  0.820000  0.520000
-0.284123  0.820000  0.540000
-0.283830  0.820000  0.560000
-0.282933  0.820000  0.580000
-0.281367  0.820000  0.600000
-0.279020  0.820000  0.620000
-0.275726  0.820000  0.640000
-0.271250  0.820000  0.660000
-0.265268  0.820000  0.680000
-0.257347  0.820000  0.700000
-0.246913  0.820000  0.720000
-0.233229  0.820000  0.740000
-0.215372  0.820000  0.760000
-0.192232  0.820000  0.780000
-0.162553  0.820000  0.800000
-0.125049  0.820000  0.820000
-0.078611  0.820000  0.840000
-0.022643  0.820000  0.860000
0.042545  0.820000  0.880000
0.115381  0.820000  0.900000
0.192942  0.820000  0.920000
0.271256  0.820000  0.940000
0.346012  0.820000  0.960000
0.413389  0.820000  0.980000
0.470669  0.820000  1.000000
0.516414  0.820000  1.020000
0.550243  0.820000  1.040000
0.572405  0.820000  1.060000
0.583335  0.820000  1.080000

0.612670  0.840000  0.000000
0.603417  0.840000  0.020000
0.584571  0.840000  0.040000
0.555568  0.840000  0.060000
0.515858  0.840000  0.080000
0.465253  0.840000  0.100000
0.404339  0.840000  0.120000
0.334801  0.840000  0.140000
0.259505  0.840000  0.160000
0.182188  0.840000  0.180000
0.106813  0.840000  0.200000
0.036830  0.840000  0.220000
-0.025367  0.840000  0.240000
-0.078614  0.840000  0.260000
-0.122826  0.840000  0.280000
-0.158664  0.840000  0.300000
-0.187190  0.840000  0.320000
-0.209593  0.840000  0.340000
-0.227019  0.840000  0.360000
-0.240474  0.840000  0.380000
-0.250798  0.840000  0.400000
-0.258662  0.840000  0.420000
-0.264590  0.840000  0.440000
-0.268978  0.840000  0.460000
-0.272121  0.840000  0.480000
-0.274227  0.840000  0.500000
-0.275438  0.840000  0.520000
-0.275832  0.840000  0.540000
-0.275438  0.840000  0.560000
-0.274227  0.840000  0.580000
-0.272121  0.840000  0.600000
-0.268978  0.840000  0.620000
-0.264590  0.840000  0.640000
-0.258662  0.840000  0.660000
-0.250798  0.840000  0.680000
-0.240474  0.840000  0.700000
-0.227019  0.840000  0.720000
-0.209593  0.840000  0.740000
-0.187190  0.840000  0.760000
-0.158664  0.840000  0.780000
-0.122826  0.840000  0.800000
-0.078614  0.840000  0.820000
-0.025367  0.840000  0.840000
0.036830  0.840000  0.860000
0.106813  0.840000  0.880000
0.182188  0.840000  0.900000
0.259505  0.840000  0.920000
0.334801  0.840000  0.940000
0.404339  0.840000  0.960000
0.465253  0.840000  0.980000
0.515858  0.840000  1.000000
0.555568  0.840000  1.020000
0.584571  0.840000  1.040000
0.603417  0.840000  1.060000
0.612670  0.840000  1.080000

0.638777  0.860000  0.000000
0.631046  0.860000  0.020000
0.615247  0.860000  0.040000
0.590785  0.860000  0.060000
0.556964  0.860000  0.080000
0.513246  0.860000  0.100000
0.459582  0.860000  0.120000
0.396764  0.860000  0.140000
0.326647  0.860000  0.160000
0.252109  0.860000  0.180000
0.176682  0.860000  0.200000
0.103929  0.860000  0.220000
0.036827  0.860000  0.240000
-0.022649  0.860000  0.260000
-0.073608  0.860000  0.280000
-0.116077  0.860000  0.300000
-0.150705  0.860000  0.320000
-0.178470  0.860000  0.340000
-0.200450  0.860000  0.360000
-0.217676  0.860000  0.380000
-0.231061  0.860000  0.400000
-0.241364  0.860000  0.420000
-0.249198  0.860000  0.440000
-0.255040  0.860000  0.460000
-0.259247  0.860000  0.480000
-0.262079  0.860000  0.500000
-0.263712  0.860000  0.520000
-0.264245  0.860000  0.540000
-0.263712  0.860000  0.560000
-0.262079  0.860000  0.580000
-0.259247  0.860000  0.600000
-0.255040  0.860000  0.620000
-0.249198  0.860000  0.640000
-0.241364  0.860000  0.660000
-0.231061  0.860000  0.680000
-0.217676  0.860000  0.700000
-0.200450  0.860000  0.720000
-0.178470  0.860000  0.740000
-0.150705  0.860000  0.760000
-0.116077  0.860000  0.780000
-0.073608  0.860000  0.800000
-0.022649  0.860000  0.820000
0.036827  0.860000  0.840000
0.103929  0.860000  0.860000
0.176682  0.860000  0.880000
0.252109  0.860000  0.900000
0.326647  0.860000  0.920000
0.396764  0.860000  0.940000
0.459582  0.860000  0.960000
0.513246  0.860000  0.980000
0.556964  0.860000  1.000000
0.590785  0.860000  1.020000
0.615247  0.860000  1.040000
0.631046  0.860000  1.060000
0.638777  0.860000  1.080000

0.661735  0.880000  0.000000
0.655336  0.880000  0.020000
0.642234  0.880000  0.040000
0.621866  0.880000  0.060000
0.593510  0.880000  0.080000
0.556461  0.880000  0.100000
0.510274  0.880000  0.120000
0.455066  0.880000  0.140000
0.391791  0.880000  0.160000
0.322372  0.880000  0.180000
0.249587  0.880000  0.200000
0.176678  0.880000  0.220000
0.106806  0.880000  0.240000
0.042535  0.880000  0.260000
-0.014472  0.880000  0.280000
-0.063493  0.880000  0.300000
-0.104586  0.880000  0.320000
-0.138336  0.880000  0.340000
-0.165611  0.880000  0.360000
-0.187366  0.880000  0.380000
-0.204521  0.880000  0.400000
-0.217892  0.880000  0.420000
-0.228162  0.880000  0.440000
-0.235884  0.880000  0.460000
-0.241482  0.880000  0.480000
-0.245269  0.880000  0.500000
-0.247459  0.880000  0.520000
-0.248176  0.880000  0.540000
-0.247459  0.880000  0.560000
-0.245269  0.880000  0.580000
-0.241482  0.880000  0.600000
-0.235884  0.880000  0.620000
-0.228162  0.880000  0.640000
-0.217892  0.880000  0.660000
-0.204521  0.880000  0.680000
-0.187366  0.880000  0.700000
-0.165611  0.880000  0.720000
-0.138336  0.880000  0.740000
-0.104586  0.880000  0.760000
-0.063493  0.880000  0.780000
-0.014472  0.880000  0.800000
0.042535  0.880000  0.820000
0.106806  0.880000  0.840000
0.176678  0.880000  0.860000
0.249587  0.880000  0.880000
0.322372  0.880000  0.900000
0.391791  0.880000  0.920000
0.455066  0.880000  0.940000
0.510274  0.880000  0.960000
0.556461  0.880000  0.980000
0.593510  0.880000  1.000000
0.621866  0.880000  1.020000
0.642234  0.880000  1.040000
0.655336  0.880000  1.060000
0.661735  0.880000  1.080000

0.681717  0.900000  0.000000
0.676450  0.900000  0.020000
0.665656  0.900000  0.040000
0.648844  0.900000  0.060000
0.625343  0.900000  0.080000
0.594418  0.900000  0.100000
0.555429  0.900000  0.120000
0.508066  0.900000  0.140000
0.452593  0.900000  0.160000
0.390062  0.900000  0.180000
0.322369  0.900000  0.200000
0.252103  0.900000  0.220000
0.182178  0.900000  0.240000
0.115368  0.900000  0.260000
0.053893  0.900000  0.280000
-0.000812  0.900000  0.300000
-0.048114  0.900000  0.320000
-0.088046  0.900000  0.340000
-0.121096  0.900000  0.360000
-0.148003  0.900000  0.380000
-0.169591  0.900000  0.400000
-0.186662  0.900000  0.420000
-0.199933  0.900000  0.440000
-0.210006  0.900000  0.460000
-0.217364  0.900000  0.480000
-0.222370  0.900000  0.500000
-0.225275  0.900000  0.520000
-0.226227  0.900000  0.540000
-0.225275  0.900000  0.560000
-0.222370  0.900000  0.580000
-0.217364  0.900000  0.600000
-0.210006  0.900000  0.620000
-0.199933  0.900000  0.640000
-0.186662  0.900000  0.660000
-0.169591  0.900000  0.680000
-0.148003  0.900000  0.700000
-0.121096  0.900000  0.720000
-0.088046  0.900000  0.740000
-0.048114  0.900000  0.760000
-0.000812  0.900000  0.780000
0.053893  0.900000  0.800000
0.115368  0.900000  0.820000
0.182178  0.900000  0.840000
0.252103  0.900000  0.860000
0.322369  0.900000  0.880000
0.390062  0.900000  0.900000
0.452593  0.900000  0.920000
0.508066  0.900000  0.940000
0.555429  0.900000  0.960000
0.594418  0.900000  0.980000
0.625343  0.900000  1.000000
0.648844  0.900000  1.020000
0.665656  0.900000  1.040000
0.676450  0.900000  1.060000
0.681717  0.900000  1.080000

0.698943  0.920000  0.000000
0.694611  0.920000  0.020000
0.685738  0.920000  0.040000
0.671915  0.920000  0.060000
0.652567  0.920000  0.080000
0.627013  0.920000  0.100000
0.594570  0.920000  0.120000
0.554711  0.920000  0.140000
0.507259  0.920000  0.160000
0.452590  0.920000  0.180000
0.391785  0.920000  0.200000
0.326637  0.920000  0.220000
0.259492  0.920000  0.240000
0.192925  0.920000  0.260000
0.129355  0.920000  0.280000
0.070717  0.920000  0.300000
0.018283  0.920000  0.320000
-0.027350  0.920000  0.340000
-0.066152  0.920000  0.360000
-0.098492  0.920000  0.380000
-0.124964  0.920000  0.400000
-0.146252  0.920000  0.420000
-0.163033  0.920000  0.440000
-0.175915  0.920000  0.460000
-0.185406  0.920000  0.480000
-0.191904  0.920000  0.500000
-0.195692  0.920000  0.520000
-0.196935  0.920000  0.540000
-0.195692  0.920000  0.560000
-0.191904  0.920000  0.580000
-0.185406  0.920000  0.600000
-0.175915  0.920000  0.620000
-0.163033  0.920000  0.640000
-0.146252  0.920000  0.660000
-0.124964  0.920000  0.680000
-0.098492  0.920000  0.700000
-0.066152  0.920000  0.720000
-0.027350  0.920000  0.740000
0.018283  0.920000  0.760000
0.070717  0.920000  0.780000
0.129355  0.920000  0.800000
0.192925  0.920000  0.820000
0.259492  0.920000  0.840000
0.326637  0.920000  0.860000
0.391785  0.920000  0.880000
0.452590  0.920000  0.900000
0.507259  0.920000  0.920000
0.554711  0.920000  0.940000
0.594570  0.920000  0.960000
0.627013  0.920000  0.980000
0.652567  0.920000  1.000000
0.671915  0.920000  1.020000
0.685738  0.920000  1.040000
0.694611  0.920000  1.060000
0.698943  0.920000  1.080000

0.713648  0.940000  0.000000
0.710071  0.940000  0.020000
0.702754  0.940000  0.040000
0.691373  0.940000  0.060000
0.675460  0.940000  0.080000
0.654435  0.940000  0.100000
0.627663  0.940000  0.120000
0.594557  0.940000  0.140000
0.554709  0.940000  0.160000
0.508060  0.940000  0.180000
0.455057  0.940000  0.200000
0.396751  0.940000  0.220000
0.334784  0.940000  0.240000
0.271235  0.940000  0.260000
0.208349  0.940000  0.280000
0.148229  0.940000  0.300000
0.092575  0.940000  0.320000
0.042542  0.940000  0.340000
-0.001275  0.940000  0.360000
-0.038762  0.940000  0.380000
-0.070151  0.940000  0.400000
-0.095884  0.940000  0.420000
-0.116496  0.940000  0.440000
-0.132525  0.940000  0.460000
-0.144454  0.940000  0.480000
-0.152682  0.940000  0.500000
-0.157501  0.940000  0.520000
-0.159088  0.940000  0.540000
-0.157501  0.940000  0.560000
-0.152682  0.940000  0.580000
-0.144454  0.940000  0.600000
-0.132525  0.940000  0.620000
-0.116496  0.940000  0.640000
-0.095884  0.940000  0.660000
-0.070151  0.940000  0.680000
-0.038762  0.940000  0.700000
-0.001275  0.940000  0.720000
0.042542  0.940000  0.740000
0.092575  0.940000  0.760000
0.148229  0.940000  0.780000
0.208349  0.940000  0.800000
0.271235  0.940000  0.820000
0.334784  0.940000  0.840000
0.396751  0.940000  0.860000
0.455057  0.940000  0.880000
0.508060  0.940000  0.900000
0.554709  0.940000  0.920000
0.594557  0.940000  0.940000
0.627663  0.940000  0.960000
0.654435  0.940000  0.980000
0.675460  0.940000  1.000000
0.691373  0.940000  1.020000
0.702754  0.940000  1.040000
0.710071  0.940000  1.060000
0.713648  0.940000  1.080000

0.726053  0.960000  0.000000
0.723072  0.960000  0.020000
0.716987  0.960000  0.040000
0.707550  0.960000  0.060000
0.694396  0.960000  0.080000
0.677059  0.960000  0.100000
0.654998  0.960000  0.120000
0.627661  0.960000  0.140000
0.594565  0.960000  0.160000
0.555421  0.960000  0.180000
0.510262  0.960000  0.200000
0.459566  0.960000  0.220000
0.404319  0.960000  0.240000
0.345988  0.960000  0.260000
0.286387  0.960000  0.280000
0.227459  0.960000  0.300000
0.171031  0.960000  0.320000
0.118611  0.960000  0.340000
0.071271  0.960000  0.360000
0.029621  0.960000  0.380000
-0.006128  0.960000  0.400000
-0.036070  0.960000  0.420000
-0.060486  0.960000  0.440000
-0.079752  0.960000  0.460000
-0.094257  0.960000  0.480000
-0.104346  0.960000  0.500000
-0.110288  0.960000  0.520000
-0.112249  0.960000  0.540000
-0.110288  0.960000  0.560000
-0.104346  0.960000  0.580000
-0.094257  0.960000  0.600000
-0.079752  0.960000  0.620000
-0.060486  0.960000  0.640000
-0.036070  0.960000  0.660000
-0.006128  0.960000  0.680000
0.029621  0.960000  0.700000
0.071271  0.960000  0.720000
0.118611  0.960000  0.740000
0.171031  0.960000  0.760000
0.227459  0.960000  0.780000
0.286387  0.960000  0.800000
0.345988  0.960000  0.820000
0.404319  0.960000  0.840000
0.459566  0.960000  0.860000
0.510262  0.960000  0.880000
0.555421  0.960000  0.900000
0.594565  0.960000  0.920000
0.627661  0.960000  0.940000
0.654998  0.960000  0.960000
0.677059  0.960000  0.980000
0.694396  0.960000  1.000000
0.707550  0.960000  1.020000
0.716987  0.960000  1.040000
0.723072  0.960000  1.060000
0.726053  0.960000  1.080000

0.736354  0.980000  0.000000
0.733833  0.980000  0.020000
0.728701  0.980000  0.040000
0.720773  0.980000  0.060000
0.709775  0.980000  0.080000
0.695348  0.980000  0.100000
0.677057  0.980000  0.120000
0.654431  0.980000  0.140000
0.627006  0.980000  0.160000
0.594408  0.980000  0.180000
0.556448  0.980000  0.200000
0.513227  0.980000  0.220000
0.465230  0.980000  0.240000
0.413361  0.980000  0.260000
0.358915  0.980000  0.280000
0.303466  0.980000  0.300000
0.248696  0.980000  0.320000
0.196202  0.980000  0.340000
0.147338  0.980000  0.360000
0.103112  0.980000  0.380000
0.064163  0.980000  0.400000
0.030795  0.980000  0.420000
0.003053  0.980000  0.440000
-0.019188  0.980000  0.460000
-0.036144  0.980000  0.480000
-0.048049  0.980000  0.500000
-0.055102  0.980000  0.520000
-0.057438  0.980000  0.540000
-0.055102  0.980000  0.560000
-0.048049  0.980000  0.580000
-0.036144  0.980000  0.600000
-0.019188  0.980000  0.620000
0.003053  0.980000  0.640000
0.030795  0.980000  0.660000
0.064163  0.980000  0.680000
0.103112  0.980000  0.700000
0.147338  0.980000  0.720000
0.196202  0.980000  0.740000
0.248696  0.980000  0.760000
0.303466  0.980000  0.780000
0.358915  0.980000  0.800000
0.413361  0.980000  0.820000
0.465230  0.980000  0.840000
0.513227  0.980000  0.860000
0.556448  0.980000  0.880000
0.594408  0.980000  0.900000
0.627006  0.980000  0.920000
0.654431  0.980000  0.940000
0.677057  0.980000  0.960000
0.695348  0.980000  0.980000
0.709775  0.980000  1.000000
0.720773  0.980000  1.020000
0.728701  0.980000  1.040000
0.733833  0.980000  1.060000
0.736354  0.980000  1.080000

0.744714  1.000000  0.000000
0.742540  1.000000  0.020000
0.738126  1.000000  0.040000
0.731339  1.000000  0.060000
0.721979  1.000000  0.080000
0.709774  1.000000  0.100000
0.694394  1.000000  0.120000
0.675456  1.000000  0.140000
0.652560  1.000000  0.160000
0.625333  1.000000  0.180000
0.593496  1.000000  0.200000
0.556945  1.000000  0.220000
0.515834  1.000000  0.240000
0.470639  1.000000  0.260000
0.422189  1.000000  0.280000
0.371632  1.000000  0.300000
0.320346  1.000000  0.320000
0.269805  1.000000  0.340000
0.221428  1.000000  0.360000
0.176448  1.000000  0.380000
0.135830  1.000000  0.400000
0.100238  1.000000  0.420000
0.070063  1.000000  0.440000
0.045470  1.000000  0.460000
0.026475  1.000000  0.480000
0.013009  1.000000  0.500000
0.004978  1.000000  0.520000
0.002310  1.000000  0.540000
0.004978  1.000000  0.560000
0.013009  1.000000  0.580000
0.026475  1.000000  0.600000
0.045470  1.000000  0.620000
0.070063  1.000000  0.640000
0.100238  1.000000  0.660000
0.135830  1.000000  0.680000
0.176448  1.000000  0.700000
0.221428  1.000000  0.720000
0.269805  1.000000  0.740000
0.320346  1.000000  0.760000
0.371632  1.000000  0.780000
0.422189  1.000000  0.800000
0.470639  1.000000  0.820000
0.515834  1.000000  0.840000
0.556945  1.000000  0.860000
0.593496  1.000000  0.880000
0.625333  1.000000  0.900000
0.652560  1.000000  0.920000
0.675456  1.000000  0.940000
0.694394  1.000000  0.960000
0.709774  1.000000  0.980000
0.721979  1.000000  1.000000
0.731339  1.000000  1.020000
0.738126  1.000000  1.040000
0.742540  1.000000  1.060000
0.744714  1.000000  1.080000

0.751262  1.020000  0.000000
0.749341  1.020000  0.020000
0.745451  1.020000  0.040000
0.739499  1.020000  0.060000
0.731338  1.020000  0.080000
0.720771  1.020000  0.100000
0.707547  1.020000  0.120000
0.691368  1.020000  0.140000
0.671908  1.020000  0.160000
0.648833  1.020000  0.180000
0.621851  1.020000  0.200000
0.590765  1.020000  0.220000
0.555544  1.020000  0.240000
0.516383  1.020000  0.260000
0.473761  1.020000  0.280000
0.428454  1.020000  0.300000
0.381509  1.020000  0.320000
0.334168  1.020000  0.340000
0.287759  1.020000  0.360000
0.243572  1.020000  0.380000
0.202756  1.020000  0.400000
0.166240  1.020000  0.420000
0.134704  1.020000  0.440000
0.108598  1.020000  0.460000
0.088179  1.020000  0.480000
0.073564  1.020000  0.500000
0.064794  1.020000  0.520000
0.061871  1.020000  0.540000
0.064794  1.020000  0.560000
0.073564  1.020000  0.580000
0.088179  1.020000  0.600000
0.108598  1.020000  0.620000
0.134704  1.020000  0.640000
0.166240  1.020000  0.660000
0.202756  1.020000  0.680000
0.243572  1.020000  0.700000
0.287759  1.020000  0.720000
0.334168  1.020000  0.740000
0.381509  1.020000  0.760000
0.428454  1.020000  0.780000
0.473761  1.020000  0.800000
0.516383  1.020000  0.820000
0.555544  1.020000  0.840000
0.590765  1.020000  0.860000
0.621851  1.020000  0.880000
0.648833  1.020000  0.900000
0.671908  1.020000  0.920000
0.691368  1.020000  0.940000
0.707547  1.020000  0.960000
0.720771  1.020000  0.980000
0.731338  1.020000  1.000000
0.739499  1.020000  1.020000
0.745451  1.020000  1.040000
0.749341  1.020000  1.060000
0.751262  1.020000  1.080000

0.756095  1.040000  0.000000
0.754349  1.040000  0.020000
0.750824  1.040000  0.040000
0.745451  1.040000  0.060000
0.738125  1.040000  0.080000
0.728698  1.040000  0.100000
0.716983  1.040000  0.120000
0.702749  1.040000  0.140000
0.685731  1.040000  0.160000
0.665646  1.040000  0.180000
0.642219  1.040000  0.200000
0.615228  1.040000  0.220000
0.584547  1.040000  0.240000
0.550212  1.040000  0.260000
0.512475  1.040000  0.280000
0.471841  1.040000  0.300000
0.429080  1.040000  0.320000
0.385197  1.040000  0.340000
0.341367  1.040000  0.360000
0.298835  1.040000  0.380000
0.258809  1.040000  0.400000
0.222369  1.040000  0.420000
0.190404  1.040000  0.440000
0.163584  1.040000  0.460000
0.142374  1.040000  0.480000
0.127067  1.040000  0.500000
0.117830  1.040000  0.520000
0.114743  1.040000  0.540000
0.117830  1.040000  0.560000
0.127067  1.040000  0.580000
0.142374  1.040000  0.600000
0.163584  1.040000  0.620000
0.190404  1.040000  0.640000
0.222369  1.040000  0.660000
0.258809  1.040000  0.680000
0.298835  1.040000  0.700000
0.341367  1.040000  0.720000
0.385197  1.040000  0.740000
0.429080  1.040000  0.760000
0.471841  1.040000  0.780000
0.512475  1.040000  0.800000
0.550212  1.040000  0.820000
0.584547  1.040000  0.840000
0.615228  1.040000  0.860000
0.642219  1.040000  0.880000
0.665646  1.040000  0.900000
0.685731  1.040000  0.920000
0.702749  1.040000  0.940000
0.716983  1.040000  0.960000
0.728698  1.040000  0.980000
0.738125  1.040000  1.000000
0.745451  1.040000  1.020000
0.750824  1.040000  1.040000
0.754349  1.040000  1.060000
0.756095  1.040000  1.080000

0.759280  1.060000  0.000000
0.757645  1.060000  0.020000
0.754348  1.060000  0.040000
0.749340  1.060000  0.060000
0.742538  1.060000  0.080000
0.733831  1.060000  0.100000
0.723068  1.060000  0.120000
0.710066  1.060000  0.140000
0.694604  1.060000  0.160000
0.676439  1.060000  0.180000
0.655322  1.060000  0.200000
0.631027  1.060000  0.220000
0.603393  1.060000  0.240000
0.572374  1.060000  0.260000
0.538092  1.060000  0.280000
0.500887  1.060000  0.300000
0.461341  1.060000  0.320000
0.420284  1.060000  0.340000
0.378748  1.060000  0.360000
0.337902  1.060000  0.380000
0.298952  1.060000  0.400000
0.263043  1.060000  0.420000
0.231182  1.060000  0.440000
0.204183  1.060000  0.460000
0.182656  1.060000  0.480000
0.167025  1.060000  0.500000
0.157552  1.060000  0.520000
0.154380  1.060000  0.540000
0.157552  1.060000  0.560000
0.167025  1.060000  0.580000
0.182656  1.060000  0.600000
0.204183  1.060000  0.620000
0.231182  1.060000  0.640000
0.263043  1.060000  0.660000
0.298952  1.060000  0.680000
0.337902  1.060000  0.700000
0.378748  1.060000  0.720000
0.420284  1.060000  0.740000
0.461341  1.060000  0.760000
0.500887  1.060000  0.780000
0.538092  1.060000  0.800000
0.572374  1.060000  0.820000
0.603393  1.060000  0.840000
0.631027  1.060000  0.860000
0.655322  1.060000  0.880000
0.676439  1.060000  0.900000
0.694604  1.060000  0.920000
0.710066  1.060000  0.940000
0.723068  1.060000  0.960000
0.733831  1.060000  0.980000
0.742538  1.060000  1.000000
0.749340  1.060000  1.020000
0.754348  1.060000  1.040000
0.757645  1.060000  1.060000
0.759280  1.060000  1.080000

0.760863  1.080000  0.000000
0.759280  1.080000  0.020000
0.756094  1.080000  0.040000
0.751261  1.080000  0.060000
0.744712  1.080000  0.080000
0.736351  1.080000  0.100000
0.726049  1.080000  0.120000
0.713642  1.080000  0.140000
0.698935  1.080000  0.160000
0.681706  1.080000  0.180000
0.661721  1.080000  0.200000
0.638759  1.080000  0.220000
0.612646  1.080000  0.240000
0.583304  1.080000  0.260000
0.550799  1.080000  0.280000
0.515391  1.080000  0.300000
0.477575  1.080000  0.320000
0.438083  1.080000  0.340000
0.397873  1.080000  0.360000
0.358059  1.080000  0.380000
0.319831  1.080000  0.400000
0.284356  1.080000  0.420000
0.252688  1.080000  0.440000
0.225711  1.080000  0.460000
0.204108  1.080000  0.480000
0.188369  1.080000  0.500000
0.178810  1.080000  0.520000
0.175605  1.080000  0.540000
0.178810  1.080000  0.560000
0.188369  1.080000  0.580000
0.204108  1.080000  0.600000
0.225711  1.080000  0.620000
0.252688  1.080000  0.640000
0.284356  1.080000  0.660000
0.319831  1.080000  0.680000
0.358059  1.080000  0.700000
0.397873  1.080000  0.720000
0.438083  1.080000  0.740000
0.477575  1.080000  0.760000
0.515391  1.080000  0.780000
0.550799  1.080000  0.800000
0.583304  1.080000  0.820000
0.612646  1.080000  0.840000
0.638759  1.080000  0.860000
0.661721  1.080000  0.880000
0.681706  1.080000  0.900000
0.698935  1.080000  0.920000
0.713642  1.080000  0.940000
0.726049  1.080000  0.960000
0.736351  1.080000  0.980000
0.744712  1.080000  1.000000
0.751261  1.080000  1.020000
0.756094  1.080000  1.040000
0.759280  1.080000  1.060000
0.760863  1.080000  1.080000

