0.300000 
0.808357  0.000000  0.000000
0.801571  0.000000  0.050000
0.788131  0.000000  0.100000
0.768159  0.000000  0.150000
0.741542  0.000000  0.200000
0.707954  0.000000  0.250000
0.667431  0.000000  0.300000
0.621507  0.000000  0.350000
0.574254  0.000000  0.400000
0.532244  0.000000  0.450000
0.502938  0.000000  0.500000
0.492191  0.000000  0.550000
0.502199  0.000000  0.600000
0.530744  0.000000  0.650000
0.571939  0.000000  0.700000
0.618259  0.000000  0.750000
0.662994  0.000000  0.800000
0.701836  0.000000  0.850000
0.732942  0.000000  0.900000
0.755988  0.000000  0.950000
0.771178  0.000000  1.000000
0.778722  0.000000  1.050000

0.801581  0.050000  0.000000
0.793953  0.050000  0.050000
0.778499  0.050000  0.100000
0.754638  0.050000  0.150000
0.721210  0.050000  0.200000
0.676787  0.050000  0.250000
0.621023  0.050000  0.300000
0.556688  0.050000  0.350000
0.490811  0.050000  0.400000
0.433400  0.050000  0.450000
0.394267  0.050000  0.500000
0.380128  0.050000  0.550000
0.393281  0.050000  0.600000
0.431367  0.050000  0.650000
0.487637  0.050000  0.700000
0.552269  0.050000  0.750000
0.615186  0.050000  0.800000
0.669154  0.050000  0.850000
0.711047  0.050000  0.900000
0.740833  0.050000  0.950000
0.759716  0.050000  1.000000
0.768848  0.050000  1.050000

0.788166  0.100000  0.000000
0.778524  0.100000  0.050000
0.758182  0.100000  0.100000
0.724743  0.100000  0.150000
0.674486  0.100000  0.200000
0.603927  0.100000  0.250000
0.513672  0.100000  0.300000
0.412121  0.100000  0.350000
0.314299  0.100000  0.400000
0.235414  0.100000  0.450000
0.185266  0.100000  0.500000
0.167870  0.100000  0.550000
0.184016  0.100000  0.600000
0.232687  0.100000  0.650000
0.309740  0.100000  0.700000
0.405434  0.100000  0.750000
0.504758  0.100000  0.800000
0.592734  0.100000  0.850000
0.660610  0.100000  0.900000
0.707155  0.100000  0.950000
0.735295  0.100000  1.000000
0.748398  0.100000  1.050000

0.768237  0.150000  0.000000
0.754715  0.150000  0.050000
0.724804  0.150000  0.100000
0.672502  0.150000  0.150000
0.590012  0.150000  0.200000
0.473832  0.150000  0.250000
0.334056  0.150000  0.300000
0.195025  0.150000  0.350000
0.080870  0.150000  0.400000
0.002233  0.150000  0.450000
-0.042055  0.150000  0.500000
-0.056460  0.150000  0.550000
-0.043138  0.150000  0.600000
-0.000377  0.150000  0.650000
0.075827  0.150000  0.700000
0.186396  0.150000  0.750000
0.321082  0.150000  0.800000
0.456700  0.150000  0.850000
0.569282  0.150000  0.900000
0.647850  0.150000  0.950000
0.694457  0.150000  1.000000
0.715571  0.150000  1.050000

0.741698  0.200000  0.000000
0.721384  0.200000  0.050000
0.674667  0.200000  0.100000
0.590136  0.200000  0.150000
0.458075  0.200000  0.200000
0.287746  0.200000  0.250000
0.115691  0.200000  0.300000
-0.020624  0.200000  0.350000
-0.110419  0.200000  0.400000
-0.162580  0.200000  0.450000
-0.188901  0.200000  0.500000
-0.197023  0.200000  0.550000
-0.189541  0.200000  0.600000
-0.164274  0.200000  0.650000
-0.114224  0.200000  0.700000
-0.028567  0.200000  0.750000
0.100850  0.200000  0.800000
0.264342  0.200000  0.850000
0.427253  0.200000  0.900000
0.553707  0.200000  0.950000
0.631647  0.200000  1.000000
0.667014  0.200000  1.050000

0.708239  0.250000  0.000000
0.677120  0.250000  0.050000
0.604285  0.250000  0.100000
0.474081  0.250000  0.150000
0.287828  0.250000  0.200000
0.089084  0.250000  0.250000
-0.066547  0.250000  0.300000
-0.163610  0.250000  0.350000
-0.217111  0.250000  0.400000
-0.244703  0.250000  0.450000
-0.257628  0.250000  0.500000
-0.261471  0.250000  0.550000
-0.257943  0.250000  0.600000
-0.245603  0.250000  0.650000
-0.219380  0.250000  0.700000
-0.169149  0.250000  0.750000
-0.079243  0.250000  0.800000
0.063716  0.250000  0.850000
0.247068  0.250000  0.900000
0.421183  0.250000  0.950000
0.541385  0.250000  1.000000
0.598380  0.250000  1.050000

0.667912  0.300000  0.000000
0.621573  0.300000  0.050000
0.514195  0.300000  0.100000
0.334338  0.300000  0.150000
0.115823  0.300000  0.200000
-0.066439  0.300000  0.250000
-0.178716  0.300000  0.300000
-0.237413  0.300000  0.350000
-0.266171  0.300000  0.400000
-0.279868  0.300000  0.450000
-0.285889  0.300000  0.500000
-0.287605  0.300000  0.550000
-0.286033  0.300000  0.600000
-0.280314  0.300000  0.650000
-0.267420  0.300000  0.700000
-0.240853  0.300000  0.750000
-0.187860  0.300000  0.800000
-0.088640  0.300000  0.850000
0.070867  0.300000  0.900000
0.264247  0.300000  0.950000
0.424213  0.300000  1.000000
0.507261  0.300000  1.050000

0.622241  0.350000  0.000000
0.557470  0.350000  0.050000
0.412719  0.350000  0.100000
0.195293  0.350000  0.150000
-0.020356  0.350000  0.200000
-0.163346  0.350000  0.250000
-0.237298  0.350000  0.300000
-0.271764  0.350000  0.350000
-0.287509  0.350000  0.400000
-0.294672  0.350000  0.450000
-0.297514  0.350000  0.500000
-0.298243  0.350000  0.550000
-0.297577  0.350000  0.600000
-0.294890  0.350000  0.650000
-0.288200  0.350000  0.700000
-0.273885  0.350000  0.750000
-0.243593  0.350000  0.800000
-0.180850  0.350000  0.850000
-0.062959  0.350000  0.900000
0.113601  0.350000  0.950000
0.292828  0.350000  1.000000
0.398289  0.350000  1.050000

0.575259  0.400000  0.000000
0.491780  0.400000  0.050000
0.314883  0.400000  0.100000
0.081184  0.400000  0.150000
-0.109960  0.400000  0.200000
-0.216745  0.400000  0.250000
-0.266002  0.400000  0.300000
-0.287454  0.400000  0.350000
-0.297087  0.400000  0.400000
-0.301351  0.400000  0.450000
-0.302591  0.400000  0.500000
-0.302786  0.400000  0.550000
-0.302616  0.400000  0.600000
-0.301459  0.400000  0.650000
-0.297489  0.400000  0.700000
-0.288833  0.400000  0.750000
-0.270479  0.400000  0.800000
-0.230411  0.400000  0.850000
-0.147588  0.400000  0.900000
-0.004102  0.400000  0.950000
0.169621  0.400000  1.000000
0.286149  0.400000  1.050000

0.533485  0.450000  0.000000
0.434481  0.450000  0.050000
0.235955  0.450000  0.100000
0.002661  0.450000  0.150000
-0.161978  0.450000  0.200000
-0.244303  0.450000  0.250000
-0.279682  0.450000  0.300000
-0.294576  0.450000  0.350000
-0.301330  0.450000  0.400000
-0.303389  0.450000  0.450000
-0.303428  0.450000  0.500000
-0.303252  0.450000  0.550000
-0.303436  0.450000  0.600000
-0.303445  0.450000  0.650000
-0.301586  0.450000  0.700000
-0.295558  0.450000  0.750000
-0.283113  0.450000  0.800000
-0.255461  0.450000  0.850000
-0.195144  0.450000  0.900000
-0.081175  0.450000  0.950000
0.074628  0.450000  1.000000
0.190931  0.450000  1.050000

0.504333  0.500000  0.000000
0.395397  0.500000  0.050000
0.185781  0.500000  0.100000
-0.041519  0.500000  0.150000
-0.188232  0.500000  0.200000
-0.257225  0.500000  0.250000
-0.285703  0.500000  0.300000
-0.297412  0.500000  0.350000
-0.302581  0.500000  0.400000
-0.303424  0.500000  0.450000
-0.302804  0.500000  0.500000
-0.302429  0.500000  0.550000
-0.302804  0.500000  0.600000
-0.303456  0.500000  0.650000
-0.302769  0.500000  0.700000
-0.298202  0.500000  0.750000
-0.288602  0.500000  0.800000
-0.267017  0.500000  0.850000
-0.218579  0.500000  0.900000
-0.122877  0.500000  0.950000
0.017010  0.500000  1.000000
0.128634  0.500000  1.050000

0.493640  0.550000  0.000000
0.381269  0.550000  0.050000
0.168377  0.550000  0.100000
-0.055883  0.550000  0.150000
-0.196335  0.550000  0.200000
-0.261069  0.550000  0.250000
-0.287421  0.550000  0.300000
-0.298139  0.550000  0.350000
-0.302776  0.550000  0.400000
-0.303247  0.550000  0.450000
-0.302428  0.550000  0.500000
-0.301994  0.550000  0.550000
-0.302427  0.550000  0.600000
-0.303272  0.550000  0.650000
-0.302944  0.550000  0.700000
-0.298870  0.550000  0.750000
-0.290152  0.550000  0.800000
-0.270420  0.550000  0.850000
-0.225712  0.550000  0.900000
-0.136133  0.550000  0.950000
-0.002369  0.550000  1.000000
0.106817  0.550000  1.050000

0.503596  0.600000  0.000000
0.394408  0.600000  0.050000
0.184525  0.600000  0.100000
-0.042604  0.600000  0.150000
-0.188872  0.600000  0.200000
-0.257540  0.600000  0.250000
-0.285847  0.600000  0.300000
-0.297474  0.600000  0.350000
-0.302606  0.600000  0.400000
-0.303432  0.600000  0.450000
-0.302804  0.600000  0.500000
-0.302428  0.600000  0.550000
-0.302804  0.600000  0.600000
-0.303463  0.600000  0.650000
-0.302791  0.600000  0.700000
-0.298257  0.600000  0.750000
-0.288726  0.600000  0.800000
-0.267285  0.600000  0.850000
-0.219118  0.600000  0.900000
-0.123832  0.600000  0.950000
0.015681  0.600000  1.000000
0.127183  0.600000  1.050000

0.531987  0.650000  0.000000
0.432442  0.650000  0.050000
0.233214  0.650000  0.100000
0.000044  0.650000  0.150000
-0.163673  0.650000  0.200000
-0.245203  0.650000  0.250000
-0.280128  0.650000  0.300000
-0.294793  0.650000  0.350000
-0.301437  0.650000  0.400000
-0.303444  0.650000  0.450000
-0.303460  0.650000  0.500000
-0.303277  0.650000  0.550000
-0.303467  0.650000  0.600000
-0.303497  0.650000  0.650000
-0.301685  0.650000  0.700000
-0.295756  0.650000  0.750000
-0.283509  0.650000  0.800000
-0.256242  0.650000  0.850000
-0.196605  0.650000  0.900000
-0.083553  0.650000  0.950000
0.071618  0.650000  1.000000
0.187850  0.650000  1.050000

0.572949  0.700000  0.000000
0.488601  0.700000  0.050000
0.310301  0.700000  0.100000
0.076122  0.700000  0.150000
-0.113770  0.700000  0.200000
-0.219015  0.700000  0.250000
-0.267251  0.700000  0.300000
-0.288142  0.700000  0.350000
-0.297486  0.700000  0.400000
-0.301605  0.700000  0.450000
-0.302778  0.700000  0.500000
-0.302952  0.700000  0.550000
-0.302800  0.700000  0.600000
-0.301705  0.700000  0.650000
-0.297869  0.700000  0.700000
-0.289474  0.700000  0.750000
-0.271614  0.700000  0.800000
-0.232431  0.700000  0.850000
-0.150979  0.700000  0.900000
-0.008915  0.700000  0.950000
0.164370  0.700000  1.000000
0.281247  0.700000  1.050000

0.618999  0.750000  0.000000
0.553050  0.750000  0.050000
0.406008  0.750000  0.100000
0.186623  0.750000  0.150000
-0.028322  0.750000  0.200000
-0.168891  0.750000  0.250000
-0.240737  0.750000  0.300000
-0.273880  0.750000  0.350000
-0.288882  0.750000  0.400000
-0.295648  0.750000  0.450000
-0.298298  0.750000  0.500000
-0.298967  0.750000  0.550000
-0.298353  0.750000  0.600000
-0.295847  0.750000  0.650000
-0.289525  0.750000  0.700000
-0.275891  0.750000  0.750000
-0.246787  0.750000  0.800000
-0.185924  0.750000  0.850000
-0.070332  0.750000  0.900000
0.104931  0.750000  0.950000
0.284905  0.750000  1.000000
0.391557  0.750000  1.050000

0.663482  0.800000  0.000000
0.615741  0.800000  0.050000
0.505265  0.800000  0.100000
0.321311  0.800000  0.150000
0.100921  0.800000  0.200000
-0.079171  0.800000  0.250000
-0.187870  0.800000  0.300000
-0.243702  0.800000  0.350000
-0.270635  0.800000  0.400000
-0.283282  0.800000  0.450000
-0.288770  0.800000  0.500000
-0.290319  0.800000  0.550000
-0.288895  0.800000  0.600000
-0.283678  0.800000  0.650000
-0.271770  0.800000  0.700000
-0.246897  0.800000  0.750000
-0.196533  0.800000  0.800000
-0.100647  0.800000  0.850000
0.056459  0.800000  0.900000
0.250656  0.800000  0.950000
0.413615  0.800000  1.000000
0.498814  0.800000  1.050000

0.702127  0.850000  0.000000
0.669494  0.850000  0.050000
0.593088  0.850000  0.100000
0.456907  0.850000  0.150000
0.264333  0.850000  0.200000
0.063613  0.850000  0.250000
-0.088824  0.850000  0.300000
-0.181149  0.850000  0.350000
-0.230777  0.850000  0.400000
-0.255841  0.850000  0.450000
-0.267391  0.850000  0.500000
-0.270789  0.850000  0.550000
-0.267658  0.850000  0.600000
-0.256621  0.850000  0.650000
-0.232796  0.850000  0.700000
-0.186217  0.850000  0.750000
-0.100796  0.850000  0.800000
0.038904  0.850000  0.850000
0.223435  0.850000  0.900000
0.402853  0.850000  0.950000
0.528328  0.850000  1.000000
0.588110  0.850000  1.050000

0.733101  0.900000  0.000000
0.711226  0.900000  0.050000
0.660796  0.900000  0.100000
0.569390  0.900000  0.150000
0.427181  0.900000  0.200000
0.246842  0.900000  0.250000
0.070544  0.900000  0.300000
-0.063418  0.900000  0.350000
-0.148191  0.900000  0.400000
-0.195828  0.900000  0.450000
-0.219288  0.900000  0.500000
-0.226423  0.900000  0.550000
-0.219826  0.900000  0.600000
-0.197287  0.900000  0.650000
-0.151577  0.900000  0.700000
-0.070770  0.900000  0.750000
0.056193  0.900000  0.800000
0.223298  0.900000  0.850000
0.395403  0.900000  0.900000
0.531486  0.900000  0.950000
0.615912  0.900000  1.000000
0.654257  0.900000  1.050000

0.756068  0.950000  0.000000
0.740913  0.950000  0.050000
0.707221  0.950000  0.100000
0.647847  0.950000  0.150000
0.553543  0.950000  0.200000
0.420816  0.950000  0.250000
0.263735  0.950000  0.300000
0.112993  0.950000  0.350000
-0.004823  0.950000  0.400000
-0.082015  0.950000  0.450000
-0.123795  0.950000  0.500000
-0.137075  0.950000  0.550000
-0.124748  0.950000  0.600000
-0.084387  0.950000  0.650000
-0.009620  0.950000  0.700000
0.104358  0.950000  0.750000
0.250195  0.950000  0.800000
0.402527  0.950000  0.850000
0.531338  0.950000  0.900000
0.621575  0.950000  0.950000
0.674937  0.950000  1.000000
0.699015  0.950000  1.050000

0.771214  1.000000  0.000000
0.759744  1.000000  0.050000
0.735298  1.000000  0.100000
0.694392  1.000000  0.150000
0.631430  1.000000  0.200000
0.540916  1.000000  0.250000
0.423453  1.000000  0.300000
0.291851  1.000000  0.350000
0.168558  1.000000  0.400000
0.073572  1.000000  0.450000
0.015987  1.000000  0.500000
-0.003376  1.000000  0.550000
0.014664  1.000000  0.600000
0.070577  1.000000  0.650000
0.163330  1.000000  0.700000
0.283953  1.000000  0.750000
0.412871  1.000000  0.800000
0.527860  1.000000  0.850000
0.615687  1.000000  0.900000
0.674865  1.000000  0.950000
0.710051  1.000000  1.000000
0.726254  1.000000  1.050000

0.778740  1.050000  0.000000
0.768855  1.050000  0.050000
0.748376  1.050000  0.100000
0.715485  1.050000  0.150000
0.666789  1.050000  0.200000
0.597894  1.050000  0.250000
0.506386  1.050000  0.300000
0.396996  1.050000  0.350000
0.284594  1.050000  0.400000
0.189357  1.050000  0.450000
0.127166  1.050000  0.500000
0.105413  1.050000  0.550000
0.125725  1.050000  0.600000
0.186291  1.050000  0.650000
0.279706  1.050000  0.700000
0.390267  1.050000  0.750000
0.497930  1.050000  0.800000
0.587610  1.050000  0.850000
0.654019  1.050000  0.900000
0.698922  1.050000  0.950000
0.726228  1.050000  1.000000
0.739090  1.050000  1.050000

