0.300000 
0.832319  0.000000  0.000000
0.806839  0.000000  0.100000
0.758817  0.000000  0.200000
0.693023  0.000000  0.300000
0.628061  0.000000  0.400000
0.598550  0.000000  0.500000
0.622995  0.000000  0.600000
0.681587  0.000000  0.700000
0.737202  0.000000  0.800000
0.767505  0.000000  0.900000

0.807263  0.100000  0.000000
0.768217  0.100000  0.100000
0.678412  0.100000  0.200000
0.529054  0.100000  0.300000
0.375847  0.100000  0.400000
0.309357  0.100000  0.500000
0.365298  0.100000  0.600000
0.506013  0.100000  0.700000
0.641075  0.100000  0.800000
0.709196  0.100000  0.900000

0.760569  0.200000  0.000000
0.680540  0.200000  0.100000
0.455557  0.200000  0.200000
0.093510  0.200000  0.300000
-0.135846  0.200000  0.400000
-0.189776  0.200000  0.500000
-0.146143  0.200000  0.600000
0.051406  0.200000  0.700000
0.372221  0.200000  0.800000
0.563157  0.200000  0.900000

0.697553  0.300000  0.000000
0.534181  0.300000  0.100000
0.094331  0.300000  0.200000
-0.211027  0.300000  0.300000
-0.280446  0.300000  0.400000
-0.291505  0.300000  0.500000
-0.283334  0.300000  0.600000
-0.230729  0.300000  0.700000
-0.030945  0.300000  0.800000
0.293639  0.300000  0.900000

0.635636  0.400000  0.000000
0.380720  0.400000  0.100000
-0.136296  0.400000  0.200000
-0.274598  0.400000  0.300000
-0.303443  0.400000  0.400000
-0.305533  0.400000  0.500000
-0.304613  0.400000  0.600000
-0.286340  0.400000  0.700000
-0.221537  0.400000  0.800000
0.017565  0.400000  0.900000

0.607465  0.500000  0.000000
0.313768  0.500000  0.100000
-0.190871  0.500000  0.200000
-0.285240  0.500000  0.300000
-0.304974  0.500000  0.400000
-0.305179  0.500000  0.500000
-0.305761  0.500000  0.600000
-0.294590  0.500000  0.700000
-0.255836  0.500000  0.800000
-0.086620  0.500000  0.900000

0.630621  0.600000  0.000000
0.369703  0.600000  0.100000
-0.147277  0.600000  0.200000
-0.277296  0.600000  0.300000
-0.304306  0.600000  0.400000
-0.306012  0.600000  0.500000
-0.305362  0.600000  0.600000
-0.288512  0.600000  0.700000
-0.228734  0.600000  0.800000
0.001874  0.600000  0.900000

0.686248  0.700000  0.000000
0.510660  0.700000  0.100000
0.050609  0.700000  0.200000
-0.231552  0.700000  0.300000
-0.290419  0.700000  0.400000
-0.298712  0.700000  0.500000
-0.292661  0.700000  0.600000
-0.249265  0.700000  0.700000
-0.071062  0.700000  0.800000
0.256693  0.700000  0.900000

0.739123  0.800000  0.000000
0.643362  0.800000  0.100000
0.369939  0.800000  0.200000
-0.036897  0.800000  0.300000
-0.226169  0.800000  0.400000
-0.262705  0.800000  0.500000
-0.233141  0.800000  0.600000
-0.075286  0.800000  0.700000
0.276315  0.800000  0.800000
0.509063  0.800000  0.900000

0.768150  0.900000  0.000000
0.709553  0.900000  0.100000
0.560127  0.900000  0.200000
0.283386  0.900000  0.300000
0.007502  0.900000  0.400000
-0.092381  0.900000  0.500000
-0.007215  0.900000  0.600000
0.247152  0.900000  0.700000
0.505681  0.900000  0.800000
0.629603  0.900000  0.900000

