0.000000 0.100000
0.000000 0.100000
0.977451 0.100000
0.409535 0.050000
1.004959 0.100000
0.411046 0.050000
0.375467 0.025000
0.374638 0.020000
0.367736 0.010000
0.978142 0.100000
0.989099 0.100000
0.997479 0.100000
1.005426 0.100000
1.014219 0.100000
1.020664 0.100000
1.000676 0.100000
1.000676 0.100000
1.000676 0.100000
1.000676 0.100000
1.000676 0.100000
1.000676 0.100000
0.985611 0.100000
0.976313 0.100000
1.007238 0.100000
1.000676 0.100000
1.000676 0.100000
1.000676 0.100000
1.000676 0.100000
1.000676 0.100000
1.000676 0.100000
1.461162 0.100000
1.461162 0.100000
1.461162 0.100000
1.461162 0.100000
1.461162 0.100000
1.461162 0.100000
1.461162 0.100000
1.461162 0.100000
1.461162 0.100000
1.461162 0.100000
1.461162 0.100000
1.461162 0.100000
