0.300000 
-15504197450131431424.000000  0.000000  0.000000
-27907555399550836736.000000  0.000000  0.100000
-62636943625442402304.000000  0.000000  0.200000
-147442191570934546432.000000  0.000000  0.300000
-417991537079049388032.000000  0.000000  0.400000
-181929227762613616640.000000  0.000000  0.500000
-417991537079043489792.000000  0.000000  0.600000
-147442191570935201792.000000  0.000000  0.700000
-62636943625442672640.000000  0.000000  0.800000
-27907555399550947328.000000  0.000000  0.900000
-15504197450131501056.000000  0.000000  1.000000

-27907555409800798208.000000  0.100000  0.000000
-50233599718407102464.000000  0.100000  0.100000
-112746498524035760128.000000  0.100000  0.200000
-265395944823537008640.000000  0.100000  0.300000
-752384766729143058432.000000  0.100000  0.400000
-327472609965312376832.000000  0.100000  0.500000
-752384766729132441600.000000  0.100000  0.600000
-265395944823538188288.000000  0.100000  0.700000
-112746498524036251648.000000  0.100000  0.800000
-50233599718407299072.000000  0.100000  0.900000
-27907555409800921088.000000  0.100000  1.000000

-62636957618783477760.000000  0.200000  0.000000
-112746523670639869952.000000  0.200000  0.100000
-253053251924607336448.000000  0.200000  0.200000
-595666453188023943168.000000  0.200000  0.300000
-1688685807397973000192.000000  0.200000  0.400000
-734994078821417353216.000000  0.200000  0.500000
-1688685807397949145088.000000  0.200000  0.600000
-595666453188026564608.000000  0.200000  0.700000
-253053251924608450560.000000  0.200000  0.800000
-112746523670640328704.000000  0.200000  0.900000
-62636957618783756288.000000  0.200000  1.000000

-147475819562491609088.000000  0.300000  0.000000
-265456475110842138624.000000  0.300000  0.100000
-595802177169248485376.000000  0.300000  0.200000
-1402469112421289820160.000000  0.300000  0.300000
-3975932286961338286080.000000  0.300000  0.400000
-1730509038300005138432.000000  0.300000  0.500000
-3975932286961282187264.000000  0.300000  0.600000
-1402469112421296111616.000000  0.300000  0.700000
-595802177169251106816.000000  0.300000  0.800000
-265456475110843219968.000000  0.300000  0.900000
-147475819562492264448.000000  0.300000  1.000000

-350063027996221046784.000000  0.400000  0.000000
-630113450151773995008.000000  0.400000  0.100000
-1414254315128368398336.000000  0.400000  0.200000
-3329037338923985010688.000000  0.400000  0.300000
-9436811762796907724800.000000  0.400000  0.400000
-4106551728764164767744.000000  0.400000  0.500000
-9436811762796775604224.000000  0.400000  0.600000
-3329037338924000215040.000000  0.400000  0.700000
-1414254315128374689792.000000  0.400000  0.800000
-630113450151776616448.000000  0.400000  0.900000
-350063027996222619648.000000  0.400000  1.000000

-290596020486698696704.000000  0.500000  0.000000
-523072836904687173632.000000  0.500000  0.100000
-1174007975403973246976.000000  0.500000  0.200000
-2764208546737370431488.000000  0.500000  0.300000
-10208202738447083896832.000000  0.500000  0.400000
-3956250072951852367872.000000  0.500000  0.500000
-10208202738446972747776.000000  0.500000  0.600000
-2764208546737380392960.000000  0.500000  0.700000
-1174007975403977441280.000000  0.500000  0.800000
-523072836904688943104.000000  0.500000  0.900000
-290596020486699679744.000000  0.500000  1.000000

-350063027996219015168.000000  0.600000  0.000000
-630113450151770062848.000000  0.600000  0.100000
-1414254315128359485440.000000  0.600000  0.200000
-3329037338923965087744.000000  0.600000  0.300000
-9436811762796964347904.000000  0.600000  0.400000
-4106551728764138553344.000000  0.600000  0.500000
-9436811762796819644416.000000  0.600000  0.600000
-3329037338923973476352.000000  0.600000  0.700000
-1414254315128363679744.000000  0.600000  0.800000
-630113450151771766784.000000  0.600000  0.900000
-350063027996219932672.000000  0.600000  1.000000

-147475819562490740736.000000  0.700000  0.000000
-265456475110840434688.000000  0.700000  0.100000
-595802177169244684288.000000  0.700000  0.200000
-1402469112421281431552.000000  0.700000  0.300000
-3975932286961361354752.000000  0.700000  0.400000
-1730509038299993866240.000000  0.700000  0.500000
-3975932286961300537344.000000  0.700000  0.600000
-1402469112421284839424.000000  0.700000  0.700000
-595802177169246388224.000000  0.700000  0.800000
-265456475110841188352.000000  0.700000  0.900000
-147475819562491117568.000000  0.700000  1.000000

-62636957618783109120.000000  0.800000  0.000000
-112746523670639132672.000000  0.800000  0.100000
-253053251924605698048.000000  0.800000  0.200000
-595666453188020404224.000000  0.800000  0.300000
-1688685807397982699520.000000  0.800000  0.400000
-734994078821412634624.000000  0.800000  0.500000
-1688685807397957009408.000000  0.800000  0.600000
-595666453188021846016.000000  0.800000  0.700000
-253053251924606386176.000000  0.800000  0.800000
-112746523670639460352.000000  0.800000  0.900000
-62636957618783272960.000000  0.800000  1.000000

-27907555409800634368.000000  0.900000  0.000000
-50233599718406774784.000000  0.900000  0.100000
-112746498524035022848.000000  0.900000  0.200000
-265395944823535435776.000000  0.900000  0.300000
-752384766729147383808.000000  0.900000  0.400000
-327472609965310345216.000000  0.900000  0.500000
-752384766729135849472.000000  0.900000  0.600000
-265395944823536123904.000000  0.900000  0.700000
-112746498524035350528.000000  0.900000  0.800000
-50233599718406914048.000000  0.900000  0.900000
-27907555409800699904.000000  0.900000  1.000000

-15504197450131341312.000000  1.000000  0.000000
-27907555399550652416.000000  1.000000  0.100000
-62636943625441984512.000000  1.000000  0.200000
-147442191570933661696.000000  1.000000  0.300000
-417991537079051747328.000000  1.000000  0.400000
-181929227762612502528.000000  1.000000  0.500000
-417991537079045390336.000000  1.000000  0.600000
-147442191570934038528.000000  1.000000  0.700000
-62636943625442164736.000000  1.000000  0.800000
-27907555399550730240.000000  1.000000  0.900000
-15504197450131378176.000000  1.000000  1.000000

