0.300000 
0.814319  0.000000  0.000000
0.807852  0.000000  0.050000
0.795135  0.000000  0.100000
0.776467  0.000000  0.150000
0.752016  0.000000  0.200000
0.721779  0.000000  0.250000
0.686009  0.000000  0.300000
0.646104  0.000000  0.350000
0.605461  0.000000  0.400000
0.569508  0.000000  0.450000
0.544467  0.000000  0.500000
0.535293  0.000000  0.550000
0.543863  0.000000  0.600000
0.568273  0.000000  0.650000
0.603529  0.000000  0.700000
0.643336  0.000000  0.750000
0.682121  0.000000  0.800000
0.716259  0.000000  0.850000
0.744060  0.000000  0.900000
0.765007  0.000000  0.950000
0.779006  0.000000  1.000000
0.786019  0.000000  1.050000

0.807862  0.050000  0.000000
0.800673  0.050000  0.050000
0.786247  0.050000  0.100000
0.764315  0.050000  0.150000
0.734178  0.050000  0.200000
0.694867  0.050000  0.250000
0.646159  0.050000  0.300000
0.590239  0.050000  0.350000
0.532830  0.050000  0.400000
0.482437  0.050000  0.450000
0.447815  0.050000  0.500000
0.435253  0.050000  0.550000
0.446977  0.050000  0.600000
0.480716  0.050000  0.650000
0.530148  0.050000  0.700000
0.586483  0.050000  0.750000
0.641117  0.050000  0.800000
0.688106  0.050000  0.850000
0.724925  0.050000  0.900000
0.751467  0.050000  0.950000
0.768529  0.050000  1.000000
0.776863  0.050000  1.050000

0.795166  0.100000  0.000000
0.786270  0.100000  0.050000
0.767727  0.100000  0.100000
0.737775  0.100000  0.150000
0.693495  0.100000  0.200000
0.631838  0.100000  0.250000
0.552614  0.100000  0.300000
0.461948  0.100000  0.350000
0.372358  0.100000  0.400000
0.298091  0.100000  0.450000
0.249790  0.100000  0.500000
0.232834  0.100000  0.550000
0.248632  0.100000  0.600000
0.295608  0.100000  0.650000
0.368303  0.100000  0.700000
0.456123  0.100000  0.750000
0.544924  0.100000  0.800000
0.622113  0.100000  0.850000
0.681180  0.100000  0.900000
0.721770  0.100000  0.950000
0.746518  0.100000  1.000000
0.758139  0.100000  1.050000

0.776537  0.150000  0.000000
0.764383  0.150000  0.050000
0.737829  0.150000  0.100000
0.691998  0.150000  0.150000
0.619987  0.150000  0.200000
0.517177  0.150000  0.250000
0.389345  0.150000  0.300000
0.256019  0.150000  0.350000
0.140746  0.150000  0.400000
0.057718  0.150000  0.450000
0.009499  0.150000  0.500000
-0.006410  0.150000  0.550000
0.008366  0.150000  0.600000
0.055052  0.150000  0.650000
0.135794  0.150000  0.700000
0.247934  0.150000  0.750000
0.377712  0.150000  0.800000
0.502228  0.150000  0.850000
0.601943  0.150000  0.900000
0.670178  0.150000  0.950000
0.710429  0.150000  1.000000
0.728693  0.150000  1.050000

0.752155  0.200000  0.000000
0.734331  0.200000  0.050000
0.693658  0.200000  0.100000
0.620105  0.200000  0.150000
0.503006  0.200000  0.200000
0.345032  0.200000  0.250000
0.174617  0.200000  0.300000
0.029968  0.200000  0.350000
-0.070649  0.200000  0.400000
-0.131190  0.200000  0.450000
-0.162350  0.200000  0.500000
-0.172041  0.200000  0.550000
-0.163074  0.200000  0.600000
-0.133073  0.200000  0.650000
-0.074751  0.200000  0.700000
0.021787  0.200000  0.750000
0.160222  0.200000  0.800000
0.323693  0.200000  0.850000
0.476035  0.200000  0.900000
0.588517  0.200000  0.950000
0.655935  0.200000  1.000000
0.686192  0.200000  1.050000

0.722030  0.250000  0.000000
0.695163  0.250000  0.050000
0.632172  0.250000  0.100000
0.517437  0.250000  0.150000
0.345125  0.250000  0.200000
0.146546  0.250000  0.250000
-0.022062  0.250000  0.300000
-0.133683  0.250000  0.350000
-0.197444  0.250000  0.400000
-0.230979  0.250000  0.450000
-0.246854  0.250000  0.500000
-0.251593  0.250000  0.550000
-0.247223  0.250000  0.600000
-0.232019  0.250000  0.650000
-0.200011  0.250000  0.700000
-0.139759  0.250000  0.750000
-0.035352  0.250000  0.800000
0.121717  0.250000  0.850000
0.308066  0.250000  0.900000
0.471582  0.250000  0.950000
0.578270  0.250000  1.000000
0.627409  0.250000  1.050000

0.686428  0.300000  0.000000
0.646655  0.300000  0.050000
0.553133  0.300000  0.100000
0.389665  0.300000  0.150000
0.174740  0.300000  0.200000
-0.021971  0.300000  0.250000
-0.151852  0.300000  0.300000
-0.222446  0.300000  0.350000
-0.257709  0.300000  0.400000
-0.274667  0.300000  0.450000
-0.282176  0.300000  0.500000
-0.284327  0.300000  0.550000
-0.282348  0.300000  0.600000
-0.275193  0.300000  0.650000
-0.259155  0.300000  0.700000
-0.226334  0.300000  0.750000
-0.161861  0.300000  0.800000
-0.045070  0.300000  0.850000
0.131444  0.300000  0.900000
0.327398  0.300000  0.950000
0.476625  0.300000  1.000000
0.550280  0.300000  1.050000

0.646744  0.350000  0.000000
0.590964  0.350000  0.050000
0.462583  0.350000  0.100000
0.256310  0.350000  0.150000
0.030183  0.350000  0.200000
-0.133429  0.350000  0.250000
-0.222319  0.350000  0.300000
-0.264682  0.350000  0.350000
-0.284169  0.350000  0.400000
-0.293039  0.350000  0.450000
-0.296613  0.350000  0.500000
-0.297548  0.350000  0.550000
-0.296690  0.350000  0.600000
-0.293302  0.350000  0.650000
-0.284979  0.350000  0.700000
-0.267112  0.350000  0.750000
-0.229356  0.350000  0.800000
-0.152304  0.350000  0.850000
-0.012993  0.350000  0.900000
0.180725  0.350000  0.950000
0.359609  0.350000  1.000000
0.457723  0.350000  1.050000

0.606344  0.400000  0.000000
0.533756  0.400000  0.050000
0.373010  0.400000  0.100000
0.141026  0.400000  0.150000
-0.070251  0.400000  0.200000
-0.197054  0.400000  0.250000
-0.257513  0.400000  0.300000
-0.284103  0.400000  0.350000
-0.295951  0.400000  0.400000
-0.301152  0.400000  0.450000
-0.302770  0.400000  0.500000
-0.303069  0.400000  0.550000
-0.302804  0.400000  0.600000
-0.301286  0.400000  0.650000
-0.296427  0.400000  0.700000
-0.285695  0.400000  0.750000
-0.262563  0.400000  0.800000
-0.212051  0.400000  0.850000
-0.109649  0.400000  0.900000
0.058778  0.400000  0.950000
0.245309  0.400000  1.000000
0.360568  0.400000  1.050000

0.570610  0.450000  0.000000
0.483501  0.450000  0.050000
0.298704  0.450000  0.100000
0.058053  0.450000  0.150000
-0.130621  0.450000  0.200000
-0.230531  0.450000  0.250000
-0.274447  0.450000  0.300000
-0.292929  0.450000  0.350000
-0.301126  0.450000  0.400000
-0.303758  0.450000  0.450000
-0.304016  0.450000  0.500000
-0.303898  0.450000  0.550000
-0.304029  0.450000  0.600000
-0.303832  0.450000  0.650000
-0.301435  0.450000  0.700000
-0.294068  0.450000  0.750000
-0.278331  0.450000  0.800000
-0.242871  0.450000  0.850000
-0.165971  0.450000  0.900000
-0.025361  0.450000  0.950000
0.153043  0.450000  1.000000
0.275433  0.450000  1.050000

0.545718  0.500000  0.000000
0.448950  0.500000  0.050000
0.250365  0.500000  0.100000
0.009912  0.500000  0.150000
-0.161683  0.500000  0.200000
-0.246391  0.500000  0.250000
-0.281954  0.500000  0.300000
-0.296496  0.500000  0.350000
-0.302755  0.500000  0.400000
-0.304010  0.500000  0.450000
-0.303542  0.500000  0.500000
-0.303206  0.500000  0.550000
-0.303546  0.500000  0.600000
-0.304056  0.500000  0.650000
-0.302985  0.500000  0.700000
-0.297415  0.500000  0.750000
-0.285241  0.500000  0.800000
-0.257257  0.500000  0.850000
-0.194313  0.500000  0.900000
-0.072526  0.500000  0.950000
0.094854  0.500000  1.000000
0.217910  0.500000  1.050000

0.536597  0.550000  0.000000
0.436408  0.550000  0.050000
0.233392  0.550000  0.100000
-0.005965  0.550000  0.150000
-0.171344  0.550000  0.200000
-0.251129  0.550000  0.250000
-0.284106  0.550000  0.300000
-0.297430  0.550000  0.350000
-0.303053  0.550000  0.400000
-0.303891  0.550000  0.450000
-0.303205  0.550000  0.500000
-0.302805  0.550000  0.550000
-0.303207  0.550000  0.600000
-0.303929  0.550000  0.650000
-0.303260  0.550000  0.700000
-0.298282  0.550000  0.750000
-0.287205  0.550000  0.800000
-0.261515  0.550000  0.850000
-0.203017  0.550000  0.900000
-0.087772  0.550000  0.950000
0.074859  0.550000  1.000000
0.197368  0.550000  1.050000

0.545115  0.600000  0.000000
0.448111  0.600000  0.050000
0.249200  0.600000  0.100000
0.008776  0.600000  0.150000
-0.162407  0.600000  0.200000
-0.246760  0.600000  0.250000
-0.282126  0.600000  0.300000
-0.296573  0.600000  0.350000
-0.302788  0.600000  0.400000
-0.304023  0.600000  0.450000
-0.303546  0.600000  0.500000
-0.303208  0.600000  0.550000
-0.303550  0.600000  0.600000
-0.304068  0.600000  0.650000
-0.303015  0.600000  0.700000
-0.297484  0.600000  0.750000
-0.285392  0.600000  0.800000
-0.257577  0.600000  0.850000
-0.194938  0.600000  0.900000
-0.073566  0.600000  0.950000
0.093554  0.600000  1.000000
0.216613  0.600000  1.050000

0.569377  0.650000  0.000000
0.481777  0.650000  0.050000
0.296208  0.650000  0.100000
0.055379  0.650000  0.150000
-0.132504  0.650000  0.200000
-0.231571  0.650000  0.250000
-0.274973  0.650000  0.300000
-0.293191  0.650000  0.350000
-0.301260  0.650000  0.400000
-0.303831  0.650000  0.450000
-0.304061  0.650000  0.500000
-0.303935  0.650000  0.550000
-0.304073  0.650000  0.600000
-0.303901  0.650000  0.650000
-0.301560  0.650000  0.700000
-0.294309  0.650000  0.750000
-0.278802  0.650000  0.800000
-0.243786  0.650000  0.850000
-0.167629  0.650000  0.900000
-0.027878  0.650000  0.950000
0.150191  0.650000  1.000000
0.272750  0.650000  1.050000

0.604416  0.700000  0.000000
0.531073  0.700000  0.050000
0.368936  0.700000  0.100000
0.136051  0.700000  0.150000
-0.074360  0.700000  0.200000
-0.199623  0.700000  0.250000
-0.258958  0.700000  0.300000
-0.284911  0.700000  0.350000
-0.296425  0.700000  0.400000
-0.301458  0.700000  0.450000
-0.302998  0.700000  0.500000
-0.303273  0.700000  0.550000
-0.303028  0.700000  0.600000
-0.301584  0.700000  0.650000
-0.296880  0.700000  0.700000
-0.286450  0.700000  0.750000
-0.263886  0.700000  0.800000
-0.214363  0.700000  0.850000
-0.113377  0.700000  0.900000
0.053908  0.700000  0.950000
0.240540  0.700000  1.000000
0.356420  0.700000  1.050000

0.643981  0.750000  0.000000
0.587209  0.750000  0.050000
0.456741  0.750000  0.100000
0.248186  0.750000  0.150000
0.021974  0.750000  0.200000
-0.139514  0.750000  0.250000
-0.226207  0.750000  0.300000
-0.267107  0.750000  0.350000
-0.285754  0.750000  0.400000
-0.294172  0.750000  0.450000
-0.297525  0.750000  0.500000
-0.298393  0.750000  0.550000
-0.297595  0.750000  0.600000
-0.294413  0.750000  0.650000
-0.286511  0.750000  0.700000
-0.269418  0.750000  0.750000
-0.232989  0.750000  0.800000
-0.157930  0.750000  0.850000
-0.020723  0.750000  0.900000
0.172439  0.750000  0.950000
0.352689  0.750000  1.000000
0.452121  0.750000  1.050000

0.682545  0.800000  0.000000
0.641618  0.800000  0.050000
0.545435  0.800000  0.100000
0.377989  0.800000  0.150000
0.160283  0.800000  0.200000
-0.035305  0.800000  0.250000
-0.161879  0.800000  0.300000
-0.229482  0.800000  0.350000
-0.262748  0.800000  0.400000
-0.278535  0.800000  0.450000
-0.285445  0.800000  0.500000
-0.287408  0.800000  0.550000
-0.285597  0.800000  0.600000
-0.279007  0.800000  0.650000
-0.264072  0.800000  0.700000
-0.233114  0.800000  0.750000
-0.171412  0.800000  0.800000
-0.057762  0.800000  0.850000
0.117276  0.800000  0.900000
0.315120  0.800000  0.950000
0.467578  0.800000  1.000000
0.543221  0.800000  1.050000

0.716513  0.850000  0.000000
0.688406  0.850000  0.050000
0.622448  0.850000  0.100000
0.502460  0.850000  0.150000
0.323710  0.850000  0.200000
0.121617  0.850000  0.250000
-0.045248  0.850000  0.300000
-0.152611  0.850000  0.350000
-0.212455  0.850000  0.400000
-0.243311  0.850000  0.450000
-0.257700  0.850000  0.500000
-0.261955  0.850000  0.550000
-0.258018  0.850000  0.600000
-0.244225  0.850000  0.650000
-0.214766  0.850000  0.700000
-0.158227  0.850000  0.750000
-0.057898  0.850000  0.800000
0.097239  0.850000  0.850000
0.286379  0.850000  0.900000
0.455631  0.850000  0.950000
0.567119  0.850000  1.000000
0.618623  0.850000  1.050000

0.744199  0.900000  0.000000
0.725082  0.900000  0.050000
0.681348  0.900000  0.100000
0.602053  0.900000  0.150000
0.475985  0.900000  0.200000
0.307859  0.900000  0.250000
0.131150  0.900000  0.300000
-0.013404  0.900000  0.350000
-0.110224  0.900000  0.400000
-0.166673  0.900000  0.450000
-0.195074  0.900000  0.500000
-0.203793  0.900000  0.550000
-0.195698  0.900000  0.600000
-0.168329  0.900000  0.650000
-0.113945  0.900000  0.700000
-0.021107  0.900000  0.750000
0.117041  0.900000  0.800000
0.286246  0.900000  0.850000
0.448188  0.900000  0.900000
0.569339  0.900000  0.950000
0.642216  0.900000  1.000000
0.674915  0.900000  1.050000

0.765078  0.950000  0.000000
0.751537  0.950000  0.050000
0.721827  0.950000  0.100000
0.670176  0.950000  0.150000
0.588372  0.950000  0.200000
0.471238  0.950000  0.250000
0.326909  0.950000  0.300000
0.180163  0.950000  0.350000
0.058140  0.950000  0.400000
-0.026106  0.950000  0.450000
-0.073363  0.950000  0.500000
-0.088641  0.950000  0.550000
-0.074400  0.950000  0.600000
-0.028616  0.950000  0.650000
0.053289  0.950000  0.700000
0.171913  0.950000  0.750000
0.314672  0.950000  0.800000
0.455315  0.950000  0.850000
0.569201  0.950000  0.900000
0.647145  0.950000  0.950000
0.692930  0.950000  1.000000
0.713623  0.950000  1.050000

0.779038  1.000000  0.000000
0.768553  1.000000  0.050000
0.746518  1.000000  0.100000
0.710370  1.000000  0.150000
0.655743  1.000000  0.200000
0.577849  1.000000  0.250000
0.475923  1.000000  0.300000
0.358677  1.000000  0.350000
0.244265  1.000000  0.400000
0.151983  1.000000  0.450000
0.093813  1.000000  0.500000
0.073831  1.000000  0.550000
0.092520  1.000000  0.600000
0.149145  1.000000  0.650000
0.239515  1.000000  0.700000
0.351775  1.000000  0.750000
0.466884  1.000000  0.800000
0.566695  1.000000  0.850000
0.642017  1.000000  0.900000
0.692866  1.000000  0.950000
0.723398  1.000000  1.000000
0.737598  1.000000  1.050000

0.786035  1.050000  0.000000
0.776868  1.050000  0.050000
0.758118  1.050000  0.100000
0.728615  1.050000  0.150000
0.685994  1.050000  0.200000
0.626988  1.050000  0.250000
0.549515  1.050000  0.300000
0.456554  1.050000  0.350000
0.359071  1.050000  0.400000
0.273788  1.050000  0.450000
0.216258  1.050000  0.500000
0.195736  1.050000  0.550000
0.214967  1.050000  0.600000
0.271113  1.050000  0.650000
0.354929  1.050000  0.700000
0.450949  1.050000  0.750000
0.542447  1.050000  0.800000
0.618191  1.050000  0.850000
0.674709  1.050000  0.900000
0.713541  1.050000  0.950000
0.737575  1.050000  1.000000
0.749043  1.050000  1.050000

