0.300000 
1.006087  0.000000  0.000000
0.998583  0.000000  0.020000
0.982669  0.000000  0.040000
0.957531  0.000000  0.060000
0.923998  0.000000  0.080000
0.885698  0.000000  0.100000
0.848838  0.000000  0.120000
0.820312  0.000000  0.140000
0.804976  0.000000  0.160000
0.803521  0.000000  0.180000
0.812144  0.000000  0.200000
0.824267  0.000000  0.220000
0.833214  0.000000  0.240000
0.834155  0.000000  0.260000
0.824699  0.000000  0.280000
0.807479  0.000000  0.300000
0.805247  0.000000  0.320000
0.761433  0.000000  0.340000
0.755333  0.000000  0.360000
0.749321  0.000000  0.380000
0.740459  0.000000  0.400000
0.731491  0.000000  0.420000
0.739953  0.000000  0.440000
0.727464  0.000000  0.460000
0.733151  0.000000  0.480000
0.732640  0.000000  0.500000
0.731700  0.000000  0.520000
0.731362  0.000000  0.540000
0.731700  0.000000  0.560000
0.732640  0.000000  0.580000
0.733151  0.000000  0.600000
0.727464  0.000000  0.620000
0.739953  0.000000  0.640000
0.731491  0.000000  0.660000
0.740459  0.000000  0.680000
0.749321  0.000000  0.700000
0.755333  0.000000  0.720000
0.761433  0.000000  0.740000
0.805247  0.000000  0.760000
0.807479  0.000000  0.780000
0.824699  0.000000  0.800000
0.834155  0.000000  0.820000
0.833214  0.000000  0.840000
0.824267  0.000000  0.860000
0.812144  0.000000  0.880000
0.803521  0.000000  0.900000
0.804976  0.000000  0.920000
0.820312  0.000000  0.940000
0.848838  0.000000  0.960000
0.885698  0.000000  0.980000
0.923998  0.000000  1.000000
0.957531  0.000000  1.020000
0.982669  0.000000  1.040000
0.998583  0.000000  1.060000
1.006087  0.000000  1.080000

0.998584  0.020000  0.000000
0.990807  0.020000  0.020000
0.974494  0.020000  0.040000
0.949080  0.020000  0.060000
0.915629  0.020000  0.080000
0.877886  0.020000  0.100000
0.841989  0.020000  0.120000
0.814612  0.020000  0.140000
0.800351  0.020000  0.160000
0.799705  0.020000  0.180000
0.808807  0.020000  0.200000
0.821135  0.020000  0.220000
0.830140  0.020000  0.240000
0.831117  0.020000  0.260000
0.821754  0.020000  0.280000
0.804700  0.020000  0.300000
0.802684  0.020000  0.320000
0.759101  0.020000  0.340000
0.753126  0.020000  0.360000
0.747095  0.020000  0.380000
0.738106  0.020000  0.400000
0.728921  0.020000  0.420000
0.737091  0.020000  0.440000
0.724328  0.020000  0.460000
0.729752  0.020000  0.480000
0.729021  0.020000  0.500000
0.727951  0.020000  0.520000
0.727570  0.020000  0.540000
0.727951  0.020000  0.560000
0.729021  0.020000  0.580000
0.729752  0.020000  0.600000
0.724328  0.020000  0.620000
0.737091  0.020000  0.640000
0.728921  0.020000  0.660000
0.738106  0.020000  0.680000
0.747095  0.020000  0.700000
0.753126  0.020000  0.720000
0.759101  0.020000  0.740000
0.802684  0.020000  0.760000
0.804700  0.020000  0.780000
0.821754  0.020000  0.800000
0.831117  0.020000  0.820000
0.830140  0.020000  0.840000
0.821135  0.020000  0.860000
0.808807  0.020000  0.880000
0.799705  0.020000  0.900000
0.800351  0.020000  0.920000
0.814612  0.020000  0.940000
0.841989  0.020000  0.960000
0.877886  0.020000  0.980000
0.915629  0.020000  1.000000
0.949080  0.020000  1.020000
0.974494  0.020000  1.040000
0.990807  0.020000  1.060000
0.998584  0.020000  1.080000

0.982667  0.040000  0.000000
0.974493  0.040000  0.020000
0.957656  0.040000  0.040000
0.932024  0.040000  0.060000
0.899070  0.040000  0.080000
0.862703  0.040000  0.100000
0.828884  0.040000  0.120000
0.803849  0.040000  0.140000
0.791700  0.040000  0.160000
0.792596  0.040000  0.180000
0.802572  0.040000  0.200000
0.815240  0.040000  0.220000
0.824303  0.040000  0.240000
0.825304  0.040000  0.260000
0.816081  0.040000  0.280000
0.799312  0.040000  0.300000
0.797689  0.040000  0.320000
0.754509  0.040000  0.340000
0.748747  0.040000  0.360000
0.742643  0.040000  0.380000
0.733379  0.040000  0.400000
0.723751  0.040000  0.420000
0.731334  0.040000  0.440000
0.718031  0.040000  0.460000
0.722933  0.040000  0.480000
0.721771  0.040000  0.500000
0.720447  0.040000  0.520000
0.719979  0.040000  0.540000
0.720447  0.040000  0.560000
0.721771  0.040000  0.580000
0.722933  0.040000  0.600000
0.718031  0.040000  0.620000
0.731334  0.040000  0.640000
0.723751  0.040000  0.660000
0.733379  0.040000  0.680000
0.742643  0.040000  0.700000
0.748747  0.040000  0.720000
0.754509  0.040000  0.740000
0.797689  0.040000  0.760000
0.799312  0.040000  0.780000
0.816081  0.040000  0.800000
0.825304  0.040000  0.820000
0.824303  0.040000  0.840000
0.815240  0.040000  0.860000
0.802572  0.040000  0.880000
0.792596  0.040000  0.900000
0.791700  0.040000  0.920000
0.803849  0.040000  0.940000
0.828884  0.040000  0.960000
0.862703  0.040000  0.980000
0.899070  0.040000  1.000000
0.932024  0.040000  1.020000
0.957656  0.040000  1.040000
0.974493  0.040000  1.060000
0.982667  0.040000  1.080000

0.957522  0.060000  0.000000
0.949070  0.060000  0.020000
0.932017  0.060000  0.040000
0.906753  0.060000  0.060000
0.875198  0.060000  0.080000
0.841368  0.060000  0.100000
0.810884  0.060000  0.120000
0.789341  0.060000  0.140000
0.780179  0.060000  0.160000
0.783133  0.060000  0.180000
0.794170  0.060000  0.200000
0.807134  0.060000  0.220000
0.816114  0.060000  0.240000
0.817007  0.060000  0.260000
0.807858  0.060000  0.280000
0.791368  0.060000  0.300000
0.790213  0.060000  0.320000
0.747468  0.060000  0.340000
0.741911  0.060000  0.360000
0.735593  0.060000  0.380000
0.725845  0.060000  0.400000
0.715512  0.060000  0.420000
0.722189  0.060000  0.440000
0.708088  0.060000  0.460000
0.712201  0.060000  0.480000
0.710407  0.060000  0.500000
0.708707  0.060000  0.520000
0.708113  0.060000  0.540000
0.708707  0.060000  0.560000
0.710407  0.060000  0.580000
0.712201  0.060000  0.600000
0.708088  0.060000  0.620000
0.722189  0.060000  0.640000
0.715512  0.060000  0.660000
0.725845  0.060000  0.680000
0.735593  0.060000  0.700000
0.741911  0.060000  0.720000
0.747468  0.060000  0.740000
0.790213  0.060000  0.760000
0.791368  0.060000  0.780000
0.807858  0.060000  0.800000
0.817007  0.060000  0.820000
0.816114  0.060000  0.840000
0.807134  0.060000  0.860000
0.794170  0.060000  0.880000
0.783133  0.060000  0.900000
0.780179  0.060000  0.920000
0.789341  0.060000  0.940000
0.810884  0.060000  0.960000
0.841368  0.060000  0.980000
0.875198  0.060000  1.000000
0.906753  0.060000  1.020000
0.932017  0.060000  1.040000
0.949070  0.060000  1.060000
0.957522  0.060000  1.080000

0.923971  0.080000  0.000000
0.915601  0.080000  0.020000
0.899045  0.080000  0.040000
0.875182  0.080000  0.060000
0.846275  0.080000  0.080000
0.816280  0.080000  0.100000
0.790290  0.080000  0.120000
0.773095  0.080000  0.140000
0.767394  0.080000  0.160000
0.772509  0.080000  0.180000
0.784422  0.080000  0.200000
0.797335  0.080000  0.220000
0.805843  0.080000  0.240000
0.806284  0.080000  0.260000
0.796942  0.080000  0.280000
0.780519  0.080000  0.300000
0.779708  0.080000  0.320000
0.737217  0.080000  0.340000
0.731676  0.080000  0.360000
0.724849  0.080000  0.380000
0.714291  0.080000  0.400000
0.702914  0.080000  0.420000
0.708314  0.080000  0.440000
0.693140  0.080000  0.460000
0.696180  0.080000  0.480000
0.693556  0.080000  0.500000
0.691357  0.080000  0.520000
0.690598  0.080000  0.540000
0.691357  0.080000  0.560000
0.693556  0.080000  0.580000
0.696180  0.080000  0.600000
0.693140  0.080000  0.620000
0.708314  0.080000  0.640000
0.702914  0.080000  0.660000
0.714291  0.080000  0.680000
0.724849  0.080000  0.700000
0.731676  0.080000  0.720000
0.737217  0.080000  0.740000
0.779708  0.080000  0.760000
0.780519  0.080000  0.780000
0.796942  0.080000  0.800000
0.806284  0.080000  0.820000
0.805843  0.080000  0.840000
0.797335  0.080000  0.860000
0.784422  0.080000  0.880000
0.772509  0.080000  0.900000
0.767394  0.080000  0.920000
0.773095  0.080000  0.940000
0.790290  0.080000  0.960000
0.816280  0.080000  0.980000
0.846275  0.080000  1.000000
0.875182  0.080000  1.020000
0.899045  0.080000  1.040000
0.915601  0.080000  1.060000
0.923971  0.080000  1.080000

0.885641  0.100000  0.000000
0.877829  0.100000  0.020000
0.862651  0.100000  0.040000
0.841325  0.100000  0.060000
0.816255  0.100000  0.080000
0.791112  0.100000  0.100000
0.770283  0.100000  0.120000
0.757674  0.100000  0.140000
0.755259  0.100000  0.160000
0.762043  0.100000  0.180000
0.774150  0.100000  0.200000
0.786270  0.100000  0.220000
0.793602  0.100000  0.240000
0.792971  0.100000  0.260000
0.782905  0.100000  0.280000
0.766080  0.100000  0.300000
0.765219  0.100000  0.320000
0.722553  0.100000  0.340000
0.716597  0.100000  0.360000
0.708775  0.100000  0.380000
0.696933  0.100000  0.400000
0.684059  0.100000  0.420000
0.687747  0.100000  0.440000
0.671176  0.100000  0.460000
0.672836  0.100000  0.480000
0.669176  0.100000  0.500000
0.666351  0.100000  0.520000
0.665384  0.100000  0.540000
0.666351  0.100000  0.560000
0.669176  0.100000  0.580000
0.672836  0.100000  0.600000
0.671176  0.100000  0.620000
0.687747  0.100000  0.640000
0.684059  0.100000  0.660000
0.696933  0.100000  0.680000
0.708775  0.100000  0.700000
0.716597  0.100000  0.720000
0.722553  0.100000  0.740000
0.765219  0.100000  0.760000
0.766080  0.100000  0.780000
0.782905  0.100000  0.800000
0.792971  0.100000  0.820000
0.793602  0.100000  0.840000
0.786270  0.100000  0.860000
0.774150  0.100000  0.880000
0.762043  0.100000  0.900000
0.755259  0.100000  0.920000
0.757674  0.100000  0.940000
0.770283  0.100000  0.960000
0.791112  0.100000  0.980000
0.816255  0.100000  1.000000
0.841325  0.100000  1.020000
0.862651  0.100000  1.040000
0.877829  0.100000  1.060000
0.885641  0.100000  1.080000

0.848741  0.120000  0.000000
0.841894  0.120000  0.020000
0.828795  0.120000  0.040000
0.810806  0.120000  0.060000
0.790231  0.120000  0.080000
0.770250  0.120000  0.100000
0.754435  0.120000  0.120000
0.745819  0.120000  0.140000
0.745759  0.120000  0.160000
0.753088  0.120000  0.180000
0.764217  0.120000  0.200000
0.774431  0.120000  0.220000
0.779588  0.120000  0.240000
0.777010  0.120000  0.260000
0.765449  0.120000  0.280000
0.747518  0.120000  0.300000
0.745944  0.120000  0.320000
0.702463  0.120000  0.340000
0.695427  0.120000  0.360000
0.685956  0.120000  0.380000
0.672219  0.120000  0.400000
0.657297  0.120000  0.420000
0.658783  0.120000  0.440000
0.640435  0.120000  0.460000
0.640400  0.120000  0.480000
0.635480  0.120000  0.500000
0.631897  0.120000  0.520000
0.630678  0.120000  0.540000
0.631897  0.120000  0.560000
0.635480  0.120000  0.580000
0.640400  0.120000  0.600000
0.640435  0.120000  0.620000
0.658783  0.120000  0.640000
0.657297  0.120000  0.660000
0.672219  0.120000  0.680000
0.685956  0.120000  0.700000
0.695427  0.120000  0.720000
0.702463  0.120000  0.740000
0.745944  0.120000  0.760000
0.747518  0.120000  0.780000
0.765449  0.120000  0.800000
0.777010  0.120000  0.820000
0.779588  0.120000  0.840000
0.774431  0.120000  0.860000
0.764217  0.120000  0.880000
0.753088  0.120000  0.900000
0.745759  0.120000  0.920000
0.745819  0.120000  0.940000
0.754435  0.120000  0.960000
0.770250  0.120000  0.980000
0.790231  0.120000  1.000000
0.810806  0.120000  1.020000
0.828795  0.120000  1.040000
0.841894  0.120000  1.060000
0.848741  0.120000  1.080000

0.820170  0.140000  0.000000
0.814474  0.140000  0.020000
0.803718  0.140000  0.040000
0.789223  0.140000  0.060000
0.772997  0.140000  0.080000
0.757604  0.140000  0.100000
0.745783  0.140000  0.120000
0.739791  0.140000  0.140000
0.740527  0.140000  0.160000
0.746817  0.140000  0.180000
0.755481  0.140000  0.200000
0.762461  0.140000  0.220000
0.764287  0.140000  0.240000
0.758747  0.140000  0.260000
0.744779  0.140000  0.280000
0.724896  0.140000  0.300000
0.721756  0.140000  0.320000
0.676699  0.140000  0.340000
0.667766  0.140000  0.360000
0.655887  0.140000  0.380000
0.639561  0.140000  0.400000
0.621980  0.140000  0.420000
0.620754  0.140000  0.440000
0.600206  0.140000  0.460000
0.598168  0.140000  0.480000
0.591756  0.140000  0.500000
0.587280  0.140000  0.520000
0.585765  0.140000  0.540000
0.587280  0.140000  0.560000
0.591756  0.140000  0.580000
0.598168  0.140000  0.600000
0.600206  0.140000  0.620000
0.620754  0.140000  0.640000
0.621980  0.140000  0.660000
0.639561  0.140000  0.680000
0.655887  0.140000  0.700000
0.667766  0.140000  0.720000
0.676699  0.140000  0.740000
0.721756  0.140000  0.760000
0.724896  0.140000  0.780000
0.744779  0.140000  0.800000
0.758747  0.140000  0.820000
0.764287  0.140000  0.840000
0.762461  0.140000  0.860000
0.755481  0.140000  0.880000
0.746817  0.140000  0.900000
0.740527  0.140000  0.920000
0.739791  0.140000  0.940000
0.745783  0.140000  0.960000
0.757604  0.140000  0.980000
0.772997  0.140000  1.000000
0.789223  0.140000  1.020000
0.803718  0.140000  1.040000
0.814474  0.140000  1.060000
0.820170  0.140000  1.080000

0.804790  0.160000  0.000000
0.800169  0.160000  0.020000
0.791528  0.160000  0.040000
0.780022  0.160000  0.060000
0.767259  0.160000  0.080000
0.755152  0.160000  0.100000
0.745686  0.160000  0.120000
0.740490  0.160000  0.140000
0.740179  0.160000  0.160000
0.743712  0.160000  0.180000
0.748395  0.160000  0.200000
0.750838  0.160000  0.220000
0.748211  0.160000  0.240000
0.738716  0.160000  0.260000
0.721419  0.160000  0.280000
0.698705  0.160000  0.300000
0.693067  0.160000  0.320000
0.645627  0.160000  0.340000
0.633919  0.160000  0.360000
0.618826  0.160000  0.380000
0.599187  0.160000  0.400000
0.578321  0.160000  0.420000
0.573872  0.160000  0.440000
0.550689  0.160000  0.460000
0.546349  0.160000  0.480000
0.538214  0.160000  0.500000
0.532713  0.160000  0.520000
0.530859  0.160000  0.540000
0.532713  0.160000  0.560000
0.538214  0.160000  0.580000
0.546349  0.160000  0.600000
0.550689  0.160000  0.620000
0.573872  0.160000  0.640000
0.578321  0.160000  0.660000
0.599187  0.160000  0.680000
0.618826  0.160000  0.700000
0.633919  0.160000  0.720000
0.645627  0.160000  0.740000
0.693067  0.160000  0.760000
0.698705  0.160000  0.780000
0.721419  0.160000  0.800000
0.738716  0.160000  0.820000
0.748211  0.160000  0.840000
0.750838  0.160000  0.860000
0.748395  0.160000  0.880000
0.743712  0.160000  0.900000
0.740179  0.160000  0.920000
0.740490  0.160000  0.940000
0.745686  0.160000  0.960000
0.755152  0.160000  0.980000
0.767259  0.160000  1.000000
0.780022  0.160000  1.020000
0.791528  0.160000  1.040000
0.800169  0.160000  1.060000
0.804790  0.160000  1.080000

0.803296  0.180000  0.000000
0.799485  0.180000  0.020000
0.792386  0.180000  0.040000
0.782939  0.180000  0.060000
0.772337  0.180000  0.080000
0.761898  0.180000  0.100000
0.752975  0.180000  0.120000
0.746738  0.180000  0.140000
0.743671  0.180000  0.160000
0.742957  0.180000  0.180000
0.742409  0.180000  0.200000
0.739273  0.180000  0.220000
0.731285  0.180000  0.240000
0.716995  0.180000  0.260000
0.695544  0.180000  0.280000
0.669165  0.180000  0.300000
0.660102  0.180000  0.320000
0.609455  0.180000  0.340000
0.594089  0.180000  0.360000
0.574960  0.180000  0.380000
0.551277  0.180000  0.400000
0.526500  0.180000  0.420000
0.518324  0.180000  0.440000
0.492082  0.180000  0.460000
0.485146  0.180000  0.480000
0.475063  0.180000  0.500000
0.468409  0.180000  0.520000
0.466173  0.180000  0.540000
0.468409  0.180000  0.560000
0.475063  0.180000  0.580000
0.485146  0.180000  0.600000
0.492082  0.180000  0.620000
0.518324  0.180000  0.640000
0.526500  0.180000  0.660000
0.551277  0.180000  0.680000
0.574960  0.180000  0.700000
0.594089  0.180000  0.720000
0.609455  0.180000  0.740000
0.660102  0.180000  0.760000
0.669165  0.180000  0.780000
0.695544  0.180000  0.800000
0.716995  0.180000  0.820000
0.731285  0.180000  0.840000
0.739273  0.180000  0.860000
0.742409  0.180000  0.880000
0.742957  0.180000  0.900000
0.743671  0.180000  0.920000
0.746738  0.180000  0.940000
0.752975  0.180000  0.960000
0.761898  0.180000  0.980000
0.772337  0.180000  1.000000
0.782939  0.180000  1.020000
0.792386  0.180000  1.040000
0.799485  0.180000  1.060000
0.803296  0.180000  1.080000

0.811888  0.200000  0.000000
0.808555  0.200000  0.020000
0.802329  0.200000  0.040000
0.793941  0.200000  0.060000
0.784213  0.200000  0.080000
0.773967  0.200000  0.100000
0.764065  0.200000  0.120000
0.755364  0.200000  0.140000
0.748316  0.200000  0.160000
0.742371  0.200000  0.180000
0.735823  0.200000  0.200000
0.726476  0.200000  0.220000
0.712547  0.200000  0.240000
0.692862  0.200000  0.260000
0.666588  0.200000  0.280000
0.635790  0.200000  0.300000
0.622430  0.200000  0.320000
0.567742  0.200000  0.340000
0.547858  0.200000  0.360000
0.523869  0.200000  0.380000
0.495423  0.200000  0.400000
0.466116  0.200000  0.420000
0.453740  0.200000  0.440000
0.424020  0.200000  0.460000
0.414220  0.200000  0.480000
0.401981  0.200000  0.500000
0.394054  0.200000  0.520000
0.391396  0.200000  0.540000
0.394054  0.200000  0.560000
0.401981  0.200000  0.580000
0.414220  0.200000  0.600000
0.424020  0.200000  0.620000
0.453740  0.200000  0.640000
0.466116  0.200000  0.660000
0.495423  0.200000  0.680000
0.523869  0.200000  0.700000
0.547858  0.200000  0.720000
0.567742  0.200000  0.740000
0.622430  0.200000  0.760000
0.635790  0.200000  0.780000
0.666588  0.200000  0.800000
0.692862  0.200000  0.820000
0.712547  0.200000  0.840000
0.726476  0.200000  0.860000
0.735823  0.200000  0.880000
0.742371  0.200000  0.900000
0.748316  0.200000  0.920000
0.755364  0.200000  0.940000
0.764065  0.200000  0.960000
0.773967  0.200000  0.980000
0.784213  0.200000  1.000000
0.793941  0.200000  1.020000
0.802329  0.200000  1.040000
0.808555  0.200000  1.060000
0.811888  0.200000  1.080000

0.823979  0.220000  0.000000
0.820851  0.220000  0.020000
0.814965  0.220000  0.040000
0.806873  0.220000  0.060000
0.797095  0.220000  0.080000
0.786056  0.220000  0.100000
0.774249  0.220000  0.120000
0.762314  0.220000  0.140000
0.750730  0.220000  0.160000
0.739203  0.220000  0.180000
0.726442  0.220000  0.200000
0.710714  0.220000  0.220000
0.690623  0.220000  0.240000
0.665203  0.220000  0.260000
0.633609  0.220000  0.280000
0.597741  0.220000  0.300000
0.579286  0.220000  0.320000
0.519743  0.220000  0.340000
0.494520  0.220000  0.360000
0.464883  0.220000  0.380000
0.431007  0.220000  0.400000
0.396579  0.220000  0.420000
0.379627  0.220000  0.440000
0.346030  0.220000  0.460000
0.333174  0.220000  0.480000
0.318610  0.220000  0.500000
0.309313  0.220000  0.520000
0.306203  0.220000  0.540000
0.309313  0.220000  0.560000
0.318610  0.220000  0.580000
0.333174  0.220000  0.600000
0.346030  0.220000  0.620000
0.379627  0.220000  0.640000
0.396579  0.220000  0.660000
0.431007  0.220000  0.680000
0.464883  0.220000  0.700000
0.494520  0.220000  0.720000
0.519743  0.220000  0.740000
0.579286  0.220000  0.760000
0.597741  0.220000  0.780000
0.633609  0.220000  0.800000
0.665203  0.220000  0.820000
0.690623  0.220000  0.840000
0.710714  0.220000  0.860000
0.726442  0.220000  0.880000
0.739203  0.220000  0.900000
0.750730  0.220000  0.920000
0.762314  0.220000  0.940000
0.774249  0.220000  0.960000
0.786056  0.220000  0.980000
0.797095  0.220000  1.000000
0.806873  0.220000  1.020000
0.814965  0.220000  1.040000
0.820851  0.220000  1.060000
0.823979  0.220000  1.080000

0.832899  0.240000  0.000000
0.829830  0.240000  0.020000
0.824003  0.240000  0.040000
0.815831  0.240000  0.060000
0.805583  0.240000  0.080000
0.793370  0.240000  0.100000
0.779386  0.240000  0.120000
0.764117  0.240000  0.140000
0.748075  0.240000  0.160000
0.731184  0.240000  0.180000
0.712481  0.240000  0.200000
0.690592  0.240000  0.220000
0.664413  0.240000  0.240000
0.633130  0.240000  0.260000
0.595866  0.240000  0.280000
0.554377  0.240000  0.300000
0.530105  0.240000  0.320000
0.464953  0.240000  0.340000
0.433645  0.240000  0.360000
0.397676  0.240000  0.380000
0.357819  0.240000  0.400000
0.317781  0.240000  0.420000
0.296030  0.240000  0.440000
0.258286  0.240000  0.460000
0.242296  0.240000  0.480000
0.225330  0.240000  0.500000
0.214629  0.240000  0.520000
0.211057  0.240000  0.540000
0.214629  0.240000  0.560000
0.225330  0.240000  0.580000
0.242296  0.240000  0.600000
0.258286  0.240000  0.620000
0.296030  0.240000  0.640000
0.317781  0.240000  0.660000
0.357819  0.240000  0.680000
0.397676  0.240000  0.700000
0.433645  0.240000  0.720000
0.464953  0.240000  0.740000
0.530105  0.240000  0.760000
0.554377  0.240000  0.780000
0.595866  0.240000  0.800000
0.633130  0.240000  0.820000
0.664413  0.240000  0.840000
0.690592  0.240000  0.860000
0.712481  0.240000  0.880000
0.731184  0.240000  0.900000
0.748075  0.240000  0.920000
0.764117  0.240000  0.940000
0.779386  0.240000  0.960000
0.793370  0.240000  0.980000
0.805583  0.240000  1.000000
0.815831  0.240000  1.020000
0.824003  0.240000  1.040000
0.829830  0.240000  1.060000
0.832899  0.240000  1.080000

0.833817  0.260000  0.000000
0.830784  0.260000  0.020000
0.824982  0.260000  0.040000
0.816701  0.260000  0.060000
0.805999  0.260000  0.080000
0.792711  0.260000  0.100000
0.776778  0.260000  0.120000
0.758547  0.260000  0.140000
0.738549  0.260000  0.160000
0.716864  0.260000  0.180000
0.692768  0.260000  0.200000
0.665144  0.260000  0.220000
0.633100  0.260000  0.240000
0.595928  0.260000  0.260000
0.552718  0.260000  0.280000
0.505128  0.260000  0.300000
0.474378  0.260000  0.320000
0.402966  0.260000  0.340000
0.364954  0.260000  0.360000
0.322151  0.260000  0.380000
0.275949  0.260000  0.400000
0.230105  0.260000  0.420000
0.203379  0.260000  0.440000
0.161702  0.260000  0.460000
0.142533  0.260000  0.480000
0.123289  0.260000  0.500000
0.111271  0.260000  0.520000
0.107268  0.260000  0.540000
0.111271  0.260000  0.560000
0.123289  0.260000  0.580000
0.142533  0.260000  0.600000
0.161702  0.260000  0.620000
0.203379  0.260000  0.640000
0.230105  0.260000  0.660000
0.275949  0.260000  0.680000
0.322151  0.260000  0.700000
0.364954  0.260000  0.720000
0.402966  0.260000  0.740000
0.474378  0.260000  0.760000
0.505128  0.260000  0.780000
0.552718  0.260000  0.800000
0.595928  0.260000  0.820000
0.633100  0.260000  0.840000
0.665144  0.260000  0.860000
0.692768  0.260000  0.880000
0.716864  0.260000  0.900000
0.738549  0.260000  0.920000
0.758547  0.260000  0.940000
0.776778  0.260000  0.960000
0.792711  0.260000  0.980000
0.805999  0.260000  1.000000
0.816701  0.260000  1.020000
0.824982  0.260000  1.040000
0.830784  0.260000  1.060000
0.833817  0.260000  1.080000

0.824344  0.280000  0.000000
0.821400  0.280000  0.020000
0.815733  0.280000  0.040000
0.807519  0.280000  0.060000
0.796616  0.280000  0.080000
0.782598  0.280000  0.100000
0.765166  0.280000  0.120000
0.744523  0.280000  0.140000
0.721194  0.280000  0.160000
0.695352  0.280000  0.180000
0.666428  0.280000  0.200000
0.633479  0.280000  0.220000
0.595759  0.280000  0.240000
0.552636  0.280000  0.260000
0.503189  0.280000  0.280000
0.449038  0.280000  0.300000
0.411190  0.280000  0.320000
0.333009  0.280000  0.340000
0.287861  0.280000  0.360000
0.237986  0.280000  0.380000
0.185287  0.280000  0.400000
0.134084  0.280000  0.420000
0.101937  0.280000  0.440000
0.057556  0.280000  0.460000
0.035026  0.280000  0.480000
0.013961  0.280000  0.500000
0.000920  0.280000  0.520000
-0.003420  0.280000  0.540000
0.000920  0.280000  0.560000
0.013961  0.280000  0.580000
0.035026  0.280000  0.600000
0.057556  0.280000  0.620000
0.101937  0.280000  0.640000
0.134084  0.280000  0.660000
0.185287  0.280000  0.680000
0.237986  0.280000  0.700000
0.287861  0.280000  0.720000
0.333009  0.280000  0.740000
0.411190  0.280000  0.760000
0.449038  0.280000  0.780000
0.503189  0.280000  0.800000
0.552636  0.280000  0.820000
0.595759  0.280000  0.840000
0.633479  0.280000  0.860000
0.666428  0.280000  0.880000
0.695352  0.280000  0.900000
0.721194  0.280000  0.920000
0.744523  0.280000  0.940000
0.765166  0.280000  0.960000
0.782598  0.280000  0.980000
0.796616  0.280000  1.000000
0.807519  0.280000  1.020000
0.815733  0.280000  1.040000
0.821400  0.280000  1.060000
0.824344  0.280000  1.080000

0.807009  0.300000  0.000000
0.804228  0.300000  0.020000
0.798841  0.300000  0.040000
0.790909  0.300000  0.060000
0.780088  0.300000  0.080000
0.765691  0.300000  0.100000
0.747173  0.300000  0.120000
0.724586  0.300000  0.140000
0.698416  0.300000  0.160000
0.668880  0.300000  0.180000
0.635498  0.300000  0.200000
0.597434  0.300000  0.220000
0.554045  0.300000  0.240000
0.504765  0.300000  0.260000
0.448702  0.300000  0.280000
0.387506  0.300000  0.300000
0.341977  0.300000  0.320000
0.256754  0.300000  0.340000
0.204294  0.300000  0.360000
0.147409  0.300000  0.380000
0.088272  0.300000  0.400000
0.032981  0.300000  0.420000
-0.004682  0.300000  0.440000
-0.050587  0.300000  0.460000
-0.075921  0.300000  0.480000
-0.098062  0.300000  0.500000
-0.111629  0.300000  0.520000
-0.116134  0.300000  0.540000
-0.111629  0.300000  0.560000
-0.098062  0.300000  0.580000
-0.075921  0.300000  0.600000
-0.050587  0.300000  0.620000
-0.004682  0.300000  0.640000
0.032981  0.300000  0.660000
0.088272  0.300000  0.680000
0.147409  0.300000  0.700000
0.204294  0.300000  0.720000
0.256754  0.300000  0.740000
0.341977  0.300000  0.760000
0.387506  0.300000  0.780000
0.448702  0.300000  0.800000
0.504765  0.300000  0.820000
0.554045  0.300000  0.840000
0.597434  0.300000  0.860000
0.635498  0.300000  0.880000
0.668880  0.300000  0.900000
0.698416  0.300000  0.920000
0.724586  0.300000  0.940000
0.747173  0.300000  0.960000
0.765691  0.300000  0.980000
0.780088  0.300000  1.000000
0.790909  0.300000  1.020000
0.798841  0.300000  1.040000
0.804228  0.300000  1.060000
0.807009  0.300000  1.080000

0.804878  0.320000  0.000000
0.802336  0.320000  0.020000
0.797372  0.320000  0.040000
0.789924  0.320000  0.060000
0.779436  0.320000  0.080000
0.764954  0.320000  0.100000
0.745692  0.320000  0.120000
0.721544  0.320000  0.140000
0.692934  0.320000  0.160000
0.660082  0.320000  0.180000
0.622538  0.320000  0.200000
0.579524  0.320000  0.220000
0.530473  0.320000  0.240000
0.474899  0.320000  0.260000
0.411982  0.320000  0.280000
0.343481  0.320000  0.300000
0.290019  0.320000  0.320000
0.198140  0.320000  0.340000
0.138772  0.320000  0.360000
0.075402  0.320000  0.380000
0.010722  0.320000  0.400000
-0.049173  0.320000  0.420000
-0.082904  0.320000  0.440000
-0.141603  0.320000  0.460000
-0.160099  0.320000  0.480000
-0.183556  0.320000  0.500000
-0.197551  0.320000  0.520000
-0.202014  0.320000  0.540000
-0.197551  0.320000  0.560000
-0.183556  0.320000  0.580000
-0.160099  0.320000  0.600000
-0.141603  0.320000  0.620000
-0.082904  0.320000  0.640000
-0.049173  0.320000  0.660000
0.010722  0.320000  0.680000
0.075402  0.320000  0.700000
0.138772  0.320000  0.720000
0.198140  0.320000  0.740000
0.290019  0.320000  0.760000
0.343481  0.320000  0.780000
0.411982  0.320000  0.800000
0.474899  0.320000  0.820000
0.530473  0.320000  0.840000
0.579524  0.320000  0.860000
0.622538  0.320000  0.880000
0.660082  0.320000  0.900000
0.692934  0.320000  0.920000
0.721544  0.320000  0.940000
0.745692  0.320000  0.960000
0.764954  0.320000  0.980000
0.779436  0.320000  1.000000
0.789924  0.320000  1.020000
0.797372  0.320000  1.040000
0.802336  0.320000  1.060000
0.804878  0.320000  1.080000

0.760758  0.340000  0.000000
0.758428  0.340000  0.020000
0.753848  0.340000  0.040000
0.746842  0.340000  0.060000
0.736650  0.340000  0.080000
0.722058  0.340000  0.100000
0.702029  0.340000  0.120000
0.676299  0.340000  0.140000
0.645237  0.340000  0.160000
0.609065  0.340000  0.180000
0.567359  0.340000  0.200000
0.519375  0.340000  0.220000
0.464601  0.340000  0.240000
0.402629  0.340000  0.260000
0.332776  0.340000  0.280000
0.257106  0.340000  0.300000
0.196477  0.340000  0.320000
0.097858  0.340000  0.340000
0.031179  0.340000  0.360000
-0.038482  0.340000  0.380000
-0.097285  0.340000  0.400000
-0.168140  0.340000  0.420000
-0.208832  0.340000  0.440000
-0.242385  0.340000  0.460000
-0.273865  0.340000  0.480000
-0.292122  0.340000  0.500000
-0.303228  0.340000  0.520000
-0.307035  0.340000  0.540000
-0.303228  0.340000  0.560000
-0.292122  0.340000  0.580000
-0.273865  0.340000  0.600000
-0.242385  0.340000  0.620000
-0.208832  0.340000  0.640000
-0.168140  0.340000  0.660000
-0.097285  0.340000  0.680000
-0.038482  0.340000  0.700000
0.031179  0.340000  0.720000
0.097858  0.340000  0.740000
0.196477  0.340000  0.760000
0.257106  0.340000  0.780000
0.332776  0.340000  0.800000
0.402629  0.340000  0.820000
0.464601  0.340000  0.840000
0.519375  0.340000  0.860000
0.567359  0.340000  0.880000
0.609065  0.340000  0.900000
0.645237  0.340000  0.920000
0.676299  0.340000  0.940000
0.702029  0.340000  0.960000
0.722058  0.340000  0.980000
0.736650  0.340000  1.000000
0.746842  0.340000  1.020000
0.753848  0.340000  1.040000
0.758428  0.340000  1.060000
0.760758  0.340000  1.080000

0.754760  0.360000  0.000000
0.752560  0.360000  0.020000
0.748196  0.360000  0.040000
0.741381  0.360000  0.060000
0.731171  0.360000  0.080000
0.716119  0.360000  0.100000
0.694981  0.360000  0.120000
0.667359  0.360000  0.140000
0.633558  0.360000  0.160000
0.593777  0.360000  0.180000
0.547591  0.360000  0.200000
0.494291  0.360000  0.220000
0.433447  0.360000  0.240000
0.364797  0.360000  0.260000
0.287877  0.360000  0.280000
0.205093  0.360000  0.300000
0.137271  0.360000  0.320000
0.031591  0.360000  0.340000
-0.038961  0.360000  0.360000
-0.100153  0.360000  0.380000
-0.189236  0.360000  0.400000
-0.229579  0.360000  0.420000
-0.269300  0.360000  0.440000
-0.323115  0.360000  0.460000
-0.335563  0.360000  0.480000
-0.354349  0.360000  0.500000
-0.365281  0.360000  0.520000
-0.368655  0.360000  0.540000
-0.365281  0.360000  0.560000
-0.354349  0.360000  0.580000
-0.335563  0.360000  0.600000
-0.323115  0.360000  0.620000
-0.269300  0.360000  0.640000
-0.229579  0.360000  0.660000
-0.189236  0.360000  0.680000
-0.100153  0.360000  0.700000
-0.038961  0.360000  0.720000
0.031591  0.360000  0.740000
0.137271  0.360000  0.760000
0.205093  0.360000  0.780000
0.287877  0.360000  0.800000
0.364797  0.360000  0.820000
0.433447  0.360000  0.840000
0.494291  0.360000  0.860000
0.547591  0.360000  0.880000
0.593777  0.360000  0.900000
0.633558  0.360000  0.920000
0.667359  0.360000  0.940000
0.694981  0.360000  0.960000
0.716119  0.360000  0.980000
0.731171  0.360000  1.000000
0.741381  0.360000  1.020000
0.748196  0.360000  1.040000
0.752560  0.360000  1.060000
0.754760  0.360000  1.080000

0.748707  0.380000  0.000000
0.746488  0.380000  0.020000
0.742051  0.380000  0.040000
0.735025  0.380000  0.060000
0.724313  0.380000  0.080000
0.708277  0.380000  0.100000
0.685499  0.380000  0.120000
0.655470  0.380000  0.140000
0.618453  0.380000  0.160000
0.574633  0.380000  0.180000
0.523592  0.380000  0.200000
0.464661  0.380000  0.220000
0.397512  0.380000  0.240000
0.322070  0.380000  0.260000
0.238156  0.380000  0.280000
0.148574  0.380000  0.300000
0.074006  0.380000  0.320000
-0.037771  0.380000  0.340000
-0.099765  0.380000  0.360000
-0.194525  0.380000  0.380000
-0.233831  0.380000  0.400000
-0.311756  0.380000  0.420000
-0.337367  0.380000  0.440000
-0.375673  0.380000  0.460000
-0.391729  0.380000  0.480000
-0.404551  0.380000  0.500000
-0.411582  0.380000  0.520000
-0.413741  0.380000  0.540000
-0.411582  0.380000  0.560000
-0.404551  0.380000  0.580000
-0.391729  0.380000  0.600000
-0.375673  0.380000  0.620000
-0.337367  0.380000  0.640000
-0.311756  0.380000  0.660000
-0.233831  0.380000  0.680000
-0.194525  0.380000  0.700000
-0.099765  0.380000  0.720000
-0.037771  0.380000  0.740000
0.074006  0.380000  0.760000
0.148574  0.380000  0.780000
0.238156  0.380000  0.800000
0.322070  0.380000  0.820000
0.397512  0.380000  0.840000
0.464661  0.380000  0.860000
0.523592  0.380000  0.880000
0.574633  0.380000  0.900000
0.618453  0.380000  0.920000
0.655470  0.380000  0.940000
0.685499  0.380000  0.960000
0.708277  0.380000  0.980000
0.724313  0.380000  1.000000
0.735025  0.380000  1.020000
0.742051  0.380000  1.040000
0.746488  0.380000  1.060000
0.748707  0.380000  1.080000

0.739805  0.400000  0.000000
0.737459  0.400000  0.020000
0.732750  0.400000  0.040000
0.725243  0.400000  0.060000
0.713726  0.400000  0.080000
0.696410  0.400000  0.100000
0.671736  0.400000  0.120000
0.639118  0.400000  0.140000
0.598790  0.400000  0.160000
0.550935  0.400000  0.180000
0.495146  0.400000  0.200000
0.430806  0.400000  0.220000
0.357706  0.400000  0.240000
0.275966  0.400000  0.260000
0.185639  0.400000  0.280000
0.089835  0.400000  0.300000
0.009515  0.400000  0.320000
-0.095853  0.400000  0.340000
-0.188741  0.400000  0.360000
-0.233683  0.400000  0.380000
-0.319342  0.400000  0.400000
-0.362731  0.400000  0.420000
-0.389913  0.400000  0.440000
-0.421911  0.400000  0.460000
-0.429263  0.400000  0.480000
-0.436034  0.400000  0.500000
-0.439278  0.400000  0.520000
-0.440124  0.400000  0.540000
-0.439278  0.400000  0.560000
-0.436034  0.400000  0.580000
-0.429263  0.400000  0.600000
-0.421911  0.400000  0.620000
-0.389913  0.400000  0.640000
-0.362731  0.400000  0.660000
-0.319342  0.400000  0.680000
-0.233683  0.400000  0.700000
-0.188741  0.400000  0.720000
-0.095853  0.400000  0.740000
0.009515  0.400000  0.760000
0.089835  0.400000  0.780000
0.185639  0.400000  0.800000
0.275966  0.400000  0.820000
0.357706  0.400000  0.840000
0.430806  0.400000  0.860000
0.495146  0.400000  0.880000
0.550935  0.400000  0.900000
0.598790  0.400000  0.920000
0.639118  0.400000  0.940000
0.671736  0.400000  0.960000
0.696410  0.400000  0.980000
0.713726  0.400000  1.000000
0.725243  0.400000  1.020000
0.732750  0.400000  1.040000
0.737459  0.400000  1.060000
0.739805  0.400000  1.080000

0.730790  0.420000  0.000000
0.728233  0.420000  0.020000
0.723089  0.420000  0.040000
0.714889  0.420000  0.060000
0.702340  0.420000  0.080000
0.683540  0.420000  0.100000
0.656835  0.420000  0.120000
0.621581  0.420000  0.140000
0.578001  0.420000  0.160000
0.526282  0.420000  0.180000
0.466022  0.420000  0.200000
0.396633  0.420000  0.220000
0.318015  0.420000  0.240000
0.230582  0.420000  0.260000
0.135052  0.420000  0.280000
0.035435  0.420000  0.300000
-0.049591  0.420000  0.320000
-0.165057  0.420000  0.340000
-0.228521  0.420000  0.360000
-0.311666  0.420000  0.380000
-0.362559  0.420000  0.400000
-0.409773  0.420000  0.420000
-0.426348  0.420000  0.440000
-0.449655  0.420000  0.460000
-0.447571  0.420000  0.480000
-0.447396  0.420000  0.500000
-0.446220  0.420000  0.520000
-0.445532  0.420000  0.540000
-0.446220  0.420000  0.560000
-0.447396  0.420000  0.580000
-0.447571  0.420000  0.600000
-0.449655  0.420000  0.620000
-0.426348  0.420000  0.640000
-0.409773  0.420000  0.660000
-0.362559  0.420000  0.680000
-0.311666  0.420000  0.700000
-0.228521  0.420000  0.720000
-0.165057  0.420000  0.740000
-0.049591  0.420000  0.760000
0.035435  0.420000  0.780000
0.135052  0.420000  0.800000
0.230582  0.420000  0.820000
0.318015  0.420000  0.840000
0.396633  0.420000  0.860000
0.466022  0.420000  0.880000
0.526282  0.420000  0.900000
0.578001  0.420000  0.920000
0.621581  0.420000  0.940000
0.656835  0.420000  0.960000
0.683540  0.420000  0.980000
0.702340  0.420000  1.000000
0.714889  0.420000  1.020000
0.723089  0.420000  1.040000
0.728233  0.420000  1.060000
0.730790  0.420000  1.080000

0.739314  0.440000  0.000000
0.736449  0.440000  0.020000
0.730690  0.440000  0.040000
0.721552  0.440000  0.060000
0.707701  0.440000  0.080000
0.687173  0.440000  0.100000
0.658253  0.440000  0.120000
0.620263  0.440000  0.140000
0.573412  0.440000  0.160000
0.517897  0.440000  0.180000
0.453361  0.440000  0.200000
0.379321  0.440000  0.220000
0.295832  0.440000  0.240000
0.203375  0.440000  0.260000
0.102445  0.440000  0.280000
-0.002478  0.440000  0.300000
-0.083632  0.440000  0.320000
-0.208123  0.440000  0.340000
-0.271314  0.440000  0.360000
-0.338203  0.440000  0.380000
-0.390479  0.440000  0.400000
-0.426887  0.440000  0.420000
-0.431588  0.440000  0.440000
-0.444701  0.440000  0.460000
-0.433235  0.440000  0.480000
-0.425447  0.440000  0.500000
-0.419416  0.440000  0.520000
-0.417056  0.440000  0.540000
-0.419416  0.440000  0.560000
-0.425447  0.440000  0.580000
-0.433235  0.440000  0.600000
-0.444701  0.440000  0.620000
-0.431588  0.440000  0.640000
-0.426887  0.440000  0.660000
-0.390479  0.440000  0.680000
-0.338203  0.440000  0.700000
-0.271314  0.440000  0.720000
-0.208123  0.440000  0.740000
-0.083632  0.440000  0.760000
-0.002478  0.440000  0.780000
0.102445  0.440000  0.800000
0.203375  0.440000  0.820000
0.295832  0.440000  0.840000
0.379321  0.440000  0.860000
0.453361  0.440000  0.880000
0.517897  0.440000  0.900000
0.573412  0.440000  0.920000
0.620263  0.440000  0.940000
0.658253  0.440000  0.960000
0.687173  0.440000  0.980000
0.707701  0.440000  1.000000
0.721552  0.440000  1.020000
0.730690  0.440000  1.040000
0.736449  0.440000  1.060000
0.739314  0.440000  1.080000

0.726717  0.460000  0.000000
0.723601  0.460000  0.020000
0.717346  0.460000  0.040000
0.707458  0.460000  0.060000
0.692568  0.460000  0.080000
0.670659  0.460000  0.100000
0.639970  0.460000  0.120000
0.599807  0.460000  0.140000
0.550386  0.460000  0.160000
0.491906  0.460000  0.180000
0.424000  0.460000  0.200000
0.346199  0.460000  0.220000
0.258700  0.460000  0.240000
0.162482  0.460000  0.260000
0.059093  0.460000  0.280000
-0.046876  0.460000  0.300000
-0.140548  0.460000  0.320000
-0.240889  0.460000  0.340000
-0.323402  0.460000  0.360000
-0.376358  0.460000  0.380000
-0.422467  0.460000  0.400000
-0.450172  0.460000  0.420000
-0.445015  0.460000  0.440000
-0.448070  0.460000  0.460000
-0.427696  0.460000  0.480000
-0.412768  0.460000  0.500000
-0.402283  0.460000  0.520000
-0.398406  0.460000  0.540000
-0.402283  0.460000  0.560000
-0.412768  0.460000  0.580000
-0.427696  0.460000  0.600000
-0.448070  0.460000  0.620000
-0.445015  0.460000  0.640000
-0.450172  0.460000  0.660000
-0.422467  0.460000  0.680000
-0.376358  0.460000  0.700000
-0.323402  0.460000  0.720000
-0.240889  0.460000  0.740000
-0.140548  0.460000  0.760000
-0.046876  0.460000  0.780000
0.059093  0.460000  0.800000
0.162482  0.460000  0.820000
0.258700  0.460000  0.840000
0.346199  0.460000  0.860000
0.424000  0.460000  0.880000
0.491906  0.460000  0.900000
0.550386  0.460000  0.920000
0.599807  0.460000  0.940000
0.639970  0.460000  0.960000
0.670659  0.460000  0.980000
0.692568  0.460000  1.000000
0.707458  0.460000  1.020000
0.717346  0.460000  1.040000
0.723601  0.460000  1.060000
0.726717  0.460000  1.080000

0.732449  0.480000  0.000000
0.729052  0.480000  0.020000
0.722239  0.480000  0.040000
0.711525  0.480000  0.060000
0.695537  0.480000  0.080000
0.672237  0.480000  0.100000
0.639845  0.480000  0.120000
0.597652  0.480000  0.140000
0.545873  0.480000  0.160000
0.484723  0.480000  0.180000
0.413875  0.480000  0.200000
0.332943  0.480000  0.220000
0.242234  0.480000  0.240000
0.142771  0.480000  0.260000
0.035997  0.480000  0.280000
-0.072678  0.480000  0.300000
-0.159406  0.480000  0.320000
-0.275333  0.480000  0.340000
-0.336731  0.480000  0.360000
-0.392931  0.480000  0.380000
-0.430213  0.480000  0.400000
-0.448220  0.480000  0.420000
-0.433639  0.480000  0.440000
-0.427391  0.480000  0.460000
-0.398955  0.480000  0.480000
-0.377589  0.480000  0.500000
-0.363080  0.480000  0.520000
-0.357832  0.480000  0.540000
-0.363080  0.480000  0.560000
-0.377589  0.480000  0.580000
-0.398955  0.480000  0.600000
-0.427391  0.480000  0.620000
-0.433639  0.480000  0.640000
-0.448220  0.480000  0.660000
-0.430213  0.480000  0.680000
-0.392931  0.480000  0.700000
-0.336731  0.480000  0.720000
-0.275333  0.480000  0.740000
-0.159406  0.480000  0.760000
-0.072678  0.480000  0.780000
0.035997  0.480000  0.800000
0.142771  0.480000  0.820000
0.242234  0.480000  0.840000
0.332943  0.480000  0.860000
0.413875  0.480000  0.880000
0.484723  0.480000  0.900000
0.545873  0.480000  0.920000
0.597652  0.480000  0.940000
0.639845  0.480000  0.960000
0.672237  0.480000  0.980000
0.695537  0.480000  1.000000
0.711525  0.480000  1.020000
0.722239  0.480000  1.040000
0.729052  0.480000  1.060000
0.732449  0.480000  1.080000

0.731915  0.500000  0.000000
0.728305  0.500000  0.020000
0.721075  0.500000  0.040000
0.709744  0.500000  0.060000
0.692935  0.500000  0.080000
0.668601  0.500000  0.100000
0.634951  0.500000  0.120000
0.591274  0.500000  0.140000
0.537791  0.500000  0.160000
0.474720  0.500000  0.180000
0.401748  0.500000  0.200000
0.318526  0.500000  0.220000
0.225459  0.500000  0.240000
0.123764  0.500000  0.260000
0.015207  0.500000  0.280000
-0.094548  0.500000  0.300000
-0.183030  0.500000  0.320000
-0.293933  0.500000  0.340000
-0.355941  0.500000  0.360000
-0.405968  0.500000  0.380000
-0.437186  0.500000  0.400000
-0.448221  0.500000  0.420000
-0.426215  0.500000  0.440000
-0.412742  0.500000  0.460000
-0.378054  0.500000  0.480000
-0.351792  0.500000  0.500000
-0.334246  0.500000  0.520000
-0.327966  0.500000  0.540000
-0.334246  0.500000  0.560000
-0.351792  0.500000  0.580000
-0.378054  0.500000  0.600000
-0.412742  0.500000  0.620000
-0.426215  0.500000  0.640000
-0.448221  0.500000  0.660000
-0.437186  0.500000  0.680000
-0.405968  0.500000  0.700000
-0.355941  0.500000  0.720000
-0.293933  0.500000  0.740000
-0.183030  0.500000  0.760000
-0.094548  0.500000  0.780000
0.015207  0.500000  0.800000
0.123764  0.500000  0.820000
0.225459  0.500000  0.840000
0.318526  0.500000  0.860000
0.401748  0.500000  0.880000
0.474720  0.500000  0.900000
0.537791  0.500000  0.920000
0.591274  0.500000  0.940000
0.634951  0.500000  0.960000
0.668601  0.500000  0.980000
0.692935  0.500000  1.000000
0.709744  0.500000  1.020000
0.721075  0.500000  1.040000
0.728305  0.500000  1.060000
0.731915  0.500000  1.080000

0.730976  0.520000  0.000000
0.727237  0.520000  0.020000
0.719753  0.520000  0.040000
0.708046  0.520000  0.060000
0.690742  0.520000  0.080000
0.665787  0.520000  0.100000
0.631383  0.520000  0.120000
0.586819  0.520000  0.140000
0.532319  0.520000  0.160000
0.468104  0.520000  0.180000
0.393869  0.520000  0.200000
0.309288  0.520000  0.220000
0.214827  0.520000  0.240000
0.111824  0.520000  0.260000
0.002247  0.520000  0.280000
-0.108030  0.520000  0.300000
-0.197172  0.520000  0.320000
-0.305198  0.520000  0.340000
-0.367143  0.520000  0.360000
-0.413171  0.520000  0.380000
-0.440560  0.520000  0.400000
-0.447120  0.520000  0.420000
-0.420335  0.520000  0.440000
-0.402322  0.520000  0.460000
-0.363694  0.520000  0.480000
-0.334373  0.520000  0.500000
-0.314934  0.520000  0.520000
-0.308011  0.520000  0.540000
-0.314934  0.520000  0.560000
-0.334373  0.520000  0.580000
-0.363694  0.520000  0.600000
-0.402322  0.520000  0.620000
-0.420335  0.520000  0.640000
-0.447120  0.520000  0.660000
-0.440560  0.520000  0.680000
-0.413171  0.520000  0.700000
-0.367143  0.520000  0.720000
-0.305198  0.520000  0.740000
-0.197172  0.520000  0.760000
-0.108030  0.520000  0.780000
0.002247  0.520000  0.800000
0.111824  0.520000  0.820000
0.214827  0.520000  0.840000
0.309288  0.520000  0.860000
0.393869  0.520000  0.880000
0.468104  0.520000  0.900000
0.532319  0.520000  0.920000
0.586819  0.520000  0.940000
0.631383  0.520000  0.960000
0.665787  0.520000  0.980000
0.690742  0.520000  1.000000
0.708046  0.520000  1.020000
0.719753  0.520000  1.040000
0.727237  0.520000  1.060000
0.730976  0.520000  1.080000

0.730636  0.540000  0.000000
0.726854  0.540000  0.020000
0.719284  0.540000  0.040000
0.707453  0.540000  0.060000
0.689983  0.540000  0.080000
0.664821  0.540000  0.100000
0.630167  0.540000  0.120000
0.585308  0.540000  0.140000
0.530470  0.540000  0.160000
0.465876  0.540000  0.180000
0.391222  0.540000  0.200000
0.306192  0.540000  0.220000
0.211272  0.540000  0.240000
0.107838  0.540000  0.260000
-0.002078  0.540000  0.280000
-0.112518  0.540000  0.300000
-0.201677  0.540000  0.320000
-0.309063  0.540000  0.340000
-0.370606  0.540000  0.360000
-0.415398  0.540000  0.380000
-0.441459  0.540000  0.400000
-0.446464  0.540000  0.420000
-0.418030  0.540000  0.440000
-0.398469  0.540000  0.460000
-0.358497  0.540000  0.480000
-0.328135  0.540000  0.500000
-0.308052  0.540000  0.520000
-0.300911  0.540000  0.540000
-0.308052  0.540000  0.560000
-0.328135  0.540000  0.580000
-0.358497  0.540000  0.600000
-0.398469  0.540000  0.620000
-0.418030  0.540000  0.640000
-0.446464  0.540000  0.660000
-0.441459  0.540000  0.680000
-0.415398  0.540000  0.700000
-0.370606  0.540000  0.720000
-0.309063  0.540000  0.740000
-0.201677  0.540000  0.760000
-0.112518  0.540000  0.780000
-0.002078  0.540000  0.800000
0.107838  0.540000  0.820000
0.211272  0.540000  0.840000
0.306192  0.540000  0.860000
0.391222  0.540000  0.880000
0.465876  0.540000  0.900000
0.530470  0.540000  0.920000
0.585308  0.540000  0.940000
0.630167  0.540000  0.960000
0.664821  0.540000  0.980000
0.689983  0.540000  1.000000
0.707453  0.540000  1.020000
0.719284  0.540000  1.040000
0.726854  0.540000  1.060000
0.730636  0.540000  1.080000

0.730976  0.560000  0.000000
0.727237  0.560000  0.020000
0.719753  0.560000  0.040000
0.708046  0.560000  0.060000
0.690742  0.560000  0.080000
0.665787  0.560000  0.100000
0.631383  0.560000  0.120000
0.586819  0.560000  0.140000
0.532319  0.560000  0.160000
0.468104  0.560000  0.180000
0.393869  0.560000  0.200000
0.309288  0.560000  0.220000
0.214827  0.560000  0.240000
0.111824  0.560000  0.260000
0.002247  0.560000  0.280000
-0.108030  0.560000  0.300000
-0.197172  0.560000  0.320000
-0.305198  0.560000  0.340000
-0.367143  0.560000  0.360000
-0.413171  0.560000  0.380000
-0.440560  0.560000  0.400000
-0.447120  0.560000  0.420000
-0.420335  0.560000  0.440000
-0.402322  0.560000  0.460000
-0.363694  0.560000  0.480000
-0.334373  0.560000  0.500000
-0.314934  0.560000  0.520000
-0.308011  0.560000  0.540000
-0.314934  0.560000  0.560000
-0.334373  0.560000  0.580000
-0.363694  0.560000  0.600000
-0.402322  0.560000  0.620000
-0.420335  0.560000  0.640000
-0.447120  0.560000  0.660000
-0.440560  0.560000  0.680000
-0.413171  0.560000  0.700000
-0.367143  0.560000  0.720000
-0.305198  0.560000  0.740000
-0.197172  0.560000  0.760000
-0.108030  0.560000  0.780000
0.002247  0.560000  0.800000
0.111824  0.560000  0.820000
0.214827  0.560000  0.840000
0.309288  0.560000  0.860000
0.393869  0.560000  0.880000
0.468104  0.560000  0.900000
0.532319  0.560000  0.920000
0.586819  0.560000  0.940000
0.631383  0.560000  0.960000
0.665787  0.560000  0.980000
0.690742  0.560000  1.000000
0.708046  0.560000  1.020000
0.719753  0.560000  1.040000
0.727237  0.560000  1.060000
0.730976  0.560000  1.080000

0.731915  0.580000  0.000000
0.728305  0.580000  0.020000
0.721075  0.580000  0.040000
0.709744  0.580000  0.060000
0.692935  0.580000  0.080000
0.668601  0.580000  0.100000
0.634951  0.580000  0.120000
0.591274  0.580000  0.140000
0.537791  0.580000  0.160000
0.474720  0.580000  0.180000
0.401748  0.580000  0.200000
0.318526  0.580000  0.220000
0.225459  0.580000  0.240000
0.123764  0.580000  0.260000
0.015207  0.580000  0.280000
-0.094548  0.580000  0.300000
-0.183030  0.580000  0.320000
-0.293933  0.580000  0.340000
-0.355941  0.580000  0.360000
-0.405968  0.580000  0.380000
-0.437186  0.580000  0.400000
-0.448221  0.580000  0.420000
-0.426215  0.580000  0.440000
-0.412742  0.580000  0.460000
-0.378054  0.580000  0.480000
-0.351792  0.580000  0.500000
-0.334246  0.580000  0.520000
-0.327966  0.580000  0.540000
-0.334246  0.580000  0.560000
-0.351792  0.580000  0.580000
-0.378054  0.580000  0.600000
-0.412742  0.580000  0.620000
-0.426215  0.580000  0.640000
-0.448221  0.580000  0.660000
-0.437186  0.580000  0.680000
-0.405968  0.580000  0.700000
-0.355941  0.580000  0.720000
-0.293933  0.580000  0.740000
-0.183030  0.580000  0.760000
-0.094548  0.580000  0.780000
0.015207  0.580000  0.800000
0.123764  0.580000  0.820000
0.225459  0.580000  0.840000
0.318526  0.580000  0.860000
0.401748  0.580000  0.880000
0.474720  0.580000  0.900000
0.537791  0.580000  0.920000
0.591274  0.580000  0.940000
0.634951  0.580000  0.960000
0.668601  0.580000  0.980000
0.692935  0.580000  1.000000
0.709744  0.580000  1.020000
0.721075  0.580000  1.040000
0.728305  0.580000  1.060000
0.731915  0.580000  1.080000

0.732449  0.600000  0.000000
0.729052  0.600000  0.020000
0.722239  0.600000  0.040000
0.711525  0.600000  0.060000
0.695537  0.600000  0.080000
0.672237  0.600000  0.100000
0.639845  0.600000  0.120000
0.597652  0.600000  0.140000
0.545873  0.600000  0.160000
0.484723  0.600000  0.180000
0.413875  0.600000  0.200000
0.332943  0.600000  0.220000
0.242234  0.600000  0.240000
0.142771  0.600000  0.260000
0.035997  0.600000  0.280000
-0.072678  0.600000  0.300000
-0.159406  0.600000  0.320000
-0.275333  0.600000  0.340000
-0.336731  0.600000  0.360000
-0.392931  0.600000  0.380000
-0.430213  0.600000  0.400000
-0.448220  0.600000  0.420000
-0.433639  0.600000  0.440000
-0.427391  0.600000  0.460000
-0.398955  0.600000  0.480000
-0.377589  0.600000  0.500000
-0.363080  0.600000  0.520000
-0.357832  0.600000  0.540000
-0.363080  0.600000  0.560000
-0.377589  0.600000  0.580000
-0.398955  0.600000  0.600000
-0.427391  0.600000  0.620000
-0.433639  0.600000  0.640000
-0.448220  0.600000  0.660000
-0.430213  0.600000  0.680000
-0.392931  0.600000  0.700000
-0.336731  0.600000  0.720000
-0.275333  0.600000  0.740000
-0.159406  0.600000  0.760000
-0.072678  0.600000  0.780000
0.035997  0.600000  0.800000
0.142771  0.600000  0.820000
0.242234  0.600000  0.840000
0.332943  0.600000  0.860000
0.413875  0.600000  0.880000
0.484723  0.600000  0.900000
0.545873  0.600000  0.920000
0.597652  0.600000  0.940000
0.639845  0.600000  0.960000
0.672237  0.600000  0.980000
0.695537  0.600000  1.000000
0.711525  0.600000  1.020000
0.722239  0.600000  1.040000
0.729052  0.600000  1.060000
0.732449  0.600000  1.080000

0.726717  0.620000  0.000000
0.723601  0.620000  0.020000
0.717346  0.620000  0.040000
0.707458  0.620000  0.060000
0.692568  0.620000  0.080000
0.670659  0.620000  0.100000
0.639970  0.620000  0.120000
0.599807  0.620000  0.140000
0.550386  0.620000  0.160000
0.491906  0.620000  0.180000
0.424000  0.620000  0.200000
0.346199  0.620000  0.220000
0.258700  0.620000  0.240000
0.162482  0.620000  0.260000
0.059093  0.620000  0.280000
-0.046876  0.620000  0.300000
-0.140548  0.620000  0.320000
-0.240889  0.620000  0.340000
-0.323402  0.620000  0.360000
-0.376358  0.620000  0.380000
-0.422467  0.620000  0.400000
-0.450172  0.620000  0.420000
-0.445015  0.620000  0.440000
-0.448070  0.620000  0.460000
-0.427696  0.620000  0.480000
-0.412768  0.620000  0.500000
-0.402283  0.620000  0.520000
-0.398406  0.620000  0.540000
-0.402283  0.620000  0.560000
-0.412768  0.620000  0.580000
-0.427696  0.620000  0.600000
-0.448070  0.620000  0.620000
-0.445015  0.620000  0.640000
-0.450172  0.620000  0.660000
-0.422467  0.620000  0.680000
-0.376358  0.620000  0.700000
-0.323402  0.620000  0.720000
-0.240889  0.620000  0.740000
-0.140548  0.620000  0.760000
-0.046876  0.620000  0.780000
0.059093  0.620000  0.800000
0.162482  0.620000  0.820000
0.258700  0.620000  0.840000
0.346199  0.620000  0.860000
0.424000  0.620000  0.880000
0.491906  0.620000  0.900000
0.550386  0.620000  0.920000
0.599807  0.620000  0.940000
0.639970  0.620000  0.960000
0.670659  0.620000  0.980000
0.692568  0.620000  1.000000
0.707458  0.620000  1.020000
0.717346  0.620000  1.040000
0.723601  0.620000  1.060000
0.726717  0.620000  1.080000

0.739314  0.640000  0.000000
0.736449  0.640000  0.020000
0.730690  0.640000  0.040000
0.721552  0.640000  0.060000
0.707701  0.640000  0.080000
0.687173  0.640000  0.100000
0.658253  0.640000  0.120000
0.620263  0.640000  0.140000
0.573412  0.640000  0.160000
0.517897  0.640000  0.180000
0.453361  0.640000  0.200000
0.379321  0.640000  0.220000
0.295832  0.640000  0.240000
0.203375  0.640000  0.260000
0.102445  0.640000  0.280000
-0.002478  0.640000  0.300000
-0.083632  0.640000  0.320000
-0.208123  0.640000  0.340000
-0.271314  0.640000  0.360000
-0.338203  0.640000  0.380000
-0.390479  0.640000  0.400000
-0.426887  0.640000  0.420000
-0.431588  0.640000  0.440000
-0.444701  0.640000  0.460000
-0.433235  0.640000  0.480000
-0.425447  0.640000  0.500000
-0.419416  0.640000  0.520000
-0.417056  0.640000  0.540000
-0.419416  0.640000  0.560000
-0.425447  0.640000  0.580000
-0.433235  0.640000  0.600000
-0.444701  0.640000  0.620000
-0.431588  0.640000  0.640000
-0.426887  0.640000  0.660000
-0.390479  0.640000  0.680000
-0.338203  0.640000  0.700000
-0.271314  0.640000  0.720000
-0.208123  0.640000  0.740000
-0.083632  0.640000  0.760000
-0.002478  0.640000  0.780000
0.102445  0.640000  0.800000
0.203375  0.640000  0.820000
0.295832  0.640000  0.840000
0.379321  0.640000  0.860000
0.453361  0.640000  0.880000
0.517897  0.640000  0.900000
0.573412  0.640000  0.920000
0.620263  0.640000  0.940000
0.658253  0.640000  0.960000
0.687173  0.640000  0.980000
0.707701  0.640000  1.000000
0.721552  0.640000  1.020000
0.730690  0.640000  1.040000
0.736449  0.640000  1.060000
0.739314  0.640000  1.080000

0.730790  0.660000  0.000000
0.728233  0.660000  0.020000
0.723089  0.660000  0.040000
0.714889  0.660000  0.060000
0.702340  0.660000  0.080000
0.683540  0.660000  0.100000
0.656835  0.660000  0.120000
0.621581  0.660000  0.140000
0.578001  0.660000  0.160000
0.526282  0.660000  0.180000
0.466022  0.660000  0.200000
0.396633  0.660000  0.220000
0.318015  0.660000  0.240000
0.230582  0.660000  0.260000
0.135052  0.660000  0.280000
0.035435  0.660000  0.300000
-0.049591  0.660000  0.320000
-0.165057  0.660000  0.340000
-0.228521  0.660000  0.360000
-0.311666  0.660000  0.380000
-0.362559  0.660000  0.400000
-0.409773  0.660000  0.420000
-0.426348  0.660000  0.440000
-0.449655  0.660000  0.460000
-0.447571  0.660000  0.480000
-0.447396  0.660000  0.500000
-0.446220  0.660000  0.520000
-0.445532  0.660000  0.540000
-0.446220  0.660000  0.560000
-0.447396  0.660000  0.580000
-0.447571  0.660000  0.600000
-0.449655  0.660000  0.620000
-0.426348  0.660000  0.640000
-0.409773  0.660000  0.660000
-0.362559  0.660000  0.680000
-0.311666  0.660000  0.700000
-0.228521  0.660000  0.720000
-0.165057  0.660000  0.740000
-0.049591  0.660000  0.760000
0.035435  0.660000  0.780000
0.135052  0.660000  0.800000
0.230582  0.660000  0.820000
0.318015  0.660000  0.840000
0.396633  0.660000  0.860000
0.466022  0.660000  0.880000
0.526282  0.660000  0.900000
0.578001  0.660000  0.920000
0.621581  0.660000  0.940000
0.656835  0.660000  0.960000
0.683540  0.660000  0.980000
0.702340  0.660000  1.000000
0.714889  0.660000  1.020000
0.723089  0.660000  1.040000
0.728233  0.660000  1.060000
0.730790  0.660000  1.080000

0.739805  0.680000  0.000000
0.737459  0.680000  0.020000
0.732750  0.680000  0.040000
0.725243  0.680000  0.060000
0.713726  0.680000  0.080000
0.696410  0.680000  0.100000
0.671736  0.680000  0.120000
0.639118  0.680000  0.140000
0.598790  0.680000  0.160000
0.550935  0.680000  0.180000
0.495146  0.680000  0.200000
0.430806  0.680000  0.220000
0.357706  0.680000  0.240000
0.275966  0.680000  0.260000
0.185639  0.680000  0.280000
0.089835  0.680000  0.300000
0.009515  0.680000  0.320000
-0.095853  0.680000  0.340000
-0.188741  0.680000  0.360000
-0.233683  0.680000  0.380000
-0.319342  0.680000  0.400000
-0.362731  0.680000  0.420000
-0.389913  0.680000  0.440000
-0.421911  0.680000  0.460000
-0.429263  0.680000  0.480000
-0.436034  0.680000  0.500000
-0.439278  0.680000  0.520000
-0.440124  0.680000  0.540000
-0.439278  0.680000  0.560000
-0.436034  0.680000  0.580000
-0.429263  0.680000  0.600000
-0.421911  0.680000  0.620000
-0.389913  0.680000  0.640000
-0.362731  0.680000  0.660000
-0.319342  0.680000  0.680000
-0.233683  0.680000  0.700000
-0.188741  0.680000  0.720000
-0.095853  0.680000  0.740000
0.009515  0.680000  0.760000
0.089835  0.680000  0.780000
0.185639  0.680000  0.800000
0.275966  0.680000  0.820000
0.357706  0.680000  0.840000
0.430806  0.680000  0.860000
0.495146  0.680000  0.880000
0.550935  0.680000  0.900000
0.598790  0.680000  0.920000
0.639118  0.680000  0.940000
0.671736  0.680000  0.960000
0.696410  0.680000  0.980000
0.713726  0.680000  1.000000
0.725243  0.680000  1.020000
0.732750  0.680000  1.040000
0.737459  0.680000  1.060000
0.739805  0.680000  1.080000

0.748707  0.700000  0.000000
0.746488  0.700000  0.020000
0.742051  0.700000  0.040000
0.735025  0.700000  0.060000
0.724313  0.700000  0.080000
0.708277  0.700000  0.100000
0.685499  0.700000  0.120000
0.655470  0.700000  0.140000
0.618453  0.700000  0.160000
0.574633  0.700000  0.180000
0.523592  0.700000  0.200000
0.464661  0.700000  0.220000
0.397512  0.700000  0.240000
0.322070  0.700000  0.260000
0.238156  0.700000  0.280000
0.148574  0.700000  0.300000
0.074006  0.700000  0.320000
-0.037771  0.700000  0.340000
-0.099765  0.700000  0.360000
-0.194525  0.700000  0.380000
-0.233831  0.700000  0.400000
-0.311756  0.700000  0.420000
-0.337367  0.700000  0.440000
-0.375673  0.700000  0.460000
-0.391729  0.700000  0.480000
-0.404551  0.700000  0.500000
-0.411582  0.700000  0.520000
-0.413741  0.700000  0.540000
-0.411582  0.700000  0.560000
-0.404551  0.700000  0.580000
-0.391729  0.700000  0.600000
-0.375673  0.700000  0.620000
-0.337367  0.700000  0.640000
-0.311756  0.700000  0.660000
-0.233831  0.700000  0.680000
-0.194525  0.700000  0.700000
-0.099765  0.700000  0.720000
-0.037771  0.700000  0.740000
0.074006  0.700000  0.760000
0.148574  0.700000  0.780000
0.238156  0.700000  0.800000
0.322070  0.700000  0.820000
0.397512  0.700000  0.840000
0.464661  0.700000  0.860000
0.523592  0.700000  0.880000
0.574633  0.700000  0.900000
0.618453  0.700000  0.920000
0.655470  0.700000  0.940000
0.685499  0.700000  0.960000
0.708277  0.700000  0.980000
0.724313  0.700000  1.000000
0.735025  0.700000  1.020000
0.742051  0.700000  1.040000
0.746488  0.700000  1.060000
0.748707  0.700000  1.080000

0.754760  0.720000  0.000000
0.752560  0.720000  0.020000
0.748196  0.720000  0.040000
0.741381  0.720000  0.060000
0.731171  0.720000  0.080000
0.716119  0.720000  0.100000
0.694981  0.720000  0.120000
0.667359  0.720000  0.140000
0.633558  0.720000  0.160000
0.593777  0.720000  0.180000
0.547591  0.720000  0.200000
0.494291  0.720000  0.220000
0.433447  0.720000  0.240000
0.364797  0.720000  0.260000
0.287877  0.720000  0.280000
0.205093  0.720000  0.300000
0.137271  0.720000  0.320000
0.031591  0.720000  0.340000
-0.038961  0.720000  0.360000
-0.100153  0.720000  0.380000
-0.189236  0.720000  0.400000
-0.229579  0.720000  0.420000
-0.269300  0.720000  0.440000
-0.323115  0.720000  0.460000
-0.335563  0.720000  0.480000
-0.354349  0.720000  0.500000
-0.365281  0.720000  0.520000
-0.368655  0.720000  0.540000
-0.365281  0.720000  0.560000
-0.354349  0.720000  0.580000
-0.335563  0.720000  0.600000
-0.323115  0.720000  0.620000
-0.269300  0.720000  0.640000
-0.229579  0.720000  0.660000
-0.189236  0.720000  0.680000
-0.100153  0.720000  0.700000
-0.038961  0.720000  0.720000
0.031591  0.720000  0.740000
0.137271  0.720000  0.760000
0.205093  0.720000  0.780000
0.287877  0.720000  0.800000
0.364797  0.720000  0.820000
0.433447  0.720000  0.840000
0.494291  0.720000  0.860000
0.547591  0.720000  0.880000
0.593777  0.720000  0.900000
0.633558  0.720000  0.920000
0.667359  0.720000  0.940000
0.694981  0.720000  0.960000
0.716119  0.720000  0.980000
0.731171  0.720000  1.000000
0.741381  0.720000  1.020000
0.748196  0.720000  1.040000
0.752560  0.720000  1.060000
0.754760  0.720000  1.080000

0.760758  0.740000  0.000000
0.758428  0.740000  0.020000
0.753848  0.740000  0.040000
0.746842  0.740000  0.060000
0.736650  0.740000  0.080000
0.722058  0.740000  0.100000
0.702029  0.740000  0.120000
0.676299  0.740000  0.140000
0.645237  0.740000  0.160000
0.609065  0.740000  0.180000
0.567359  0.740000  0.200000
0.519375  0.740000  0.220000
0.464601  0.740000  0.240000
0.402629  0.740000  0.260000
0.332776  0.740000  0.280000
0.257106  0.740000  0.300000
0.196477  0.740000  0.320000
0.097858  0.740000  0.340000
0.031179  0.740000  0.360000
-0.038482  0.740000  0.380000
-0.097285  0.740000  0.400000
-0.168140  0.740000  0.420000
-0.208832  0.740000  0.440000
-0.242385  0.740000  0.460000
-0.273865  0.740000  0.480000
-0.292122  0.740000  0.500000
-0.303228  0.740000  0.520000
-0.307035  0.740000  0.540000
-0.303228  0.740000  0.560000
-0.292122  0.740000  0.580000
-0.273865  0.740000  0.600000
-0.242385  0.740000  0.620000
-0.208832  0.740000  0.640000
-0.168140  0.740000  0.660000
-0.097285  0.740000  0.680000
-0.038482  0.740000  0.700000
0.031179  0.740000  0.720000
0.097858  0.740000  0.740000
0.196477  0.740000  0.760000
0.257106  0.740000  0.780000
0.332776  0.740000  0.800000
0.402629  0.740000  0.820000
0.464601  0.740000  0.840000
0.519375  0.740000  0.860000
0.567359  0.740000  0.880000
0.609065  0.740000  0.900000
0.645237  0.740000  0.920000
0.676299  0.740000  0.940000
0.702029  0.740000  0.960000
0.722058  0.740000  0.980000
0.736650  0.740000  1.000000
0.746842  0.740000  1.020000
0.753848  0.740000  1.040000
0.758428  0.740000  1.060000
0.760758  0.740000  1.080000

0.804878  0.760000  0.000000
0.802336  0.760000  0.020000
0.797372  0.760000  0.040000
0.789924  0.760000  0.060000
0.779436  0.760000  0.080000
0.764954  0.760000  0.100000
0.745692  0.760000  0.120000
0.721544  0.760000  0.140000
0.692934  0.760000  0.160000
0.660082  0.760000  0.180000
0.622538  0.760000  0.200000
0.579524  0.760000  0.220000
0.530473  0.760000  0.240000
0.474899  0.760000  0.260000
0.411982  0.760000  0.280000
0.343481  0.760000  0.300000
0.290019  0.760000  0.320000
0.198140  0.760000  0.340000
0.138772  0.760000  0.360000
0.075402  0.760000  0.380000
0.010722  0.760000  0.400000
-0.049173  0.760000  0.420000
-0.082904  0.760000  0.440000
-0.141603  0.760000  0.460000
-0.160099  0.760000  0.480000
-0.183556  0.760000  0.500000
-0.197551  0.760000  0.520000
-0.202014  0.760000  0.540000
-0.197551  0.760000  0.560000
-0.183556  0.760000  0.580000
-0.160099  0.760000  0.600000
-0.141603  0.760000  0.620000
-0.082904  0.760000  0.640000
-0.049173  0.760000  0.660000
0.010722  0.760000  0.680000
0.075402  0.760000  0.700000
0.138772  0.760000  0.720000
0.198140  0.760000  0.740000
0.290019  0.760000  0.760000
0.343481  0.760000  0.780000
0.411982  0.760000  0.800000
0.474899  0.760000  0.820000
0.530473  0.760000  0.840000
0.579524  0.760000  0.860000
0.622538  0.760000  0.880000
0.660082  0.760000  0.900000
0.692934  0.760000  0.920000
0.721544  0.760000  0.940000
0.745692  0.760000  0.960000
0.764954  0.760000  0.980000
0.779436  0.760000  1.000000
0.789924  0.760000  1.020000
0.797372  0.760000  1.040000
0.802336  0.760000  1.060000
0.804878  0.760000  1.080000

0.807009  0.780000  0.000000
0.804228  0.780000  0.020000
0.798841  0.780000  0.040000
0.790909  0.780000  0.060000
0.780088  0.780000  0.080000
0.765691  0.780000  0.100000
0.747173  0.780000  0.120000
0.724586  0.780000  0.140000
0.698416  0.780000  0.160000
0.668880  0.780000  0.180000
0.635498  0.780000  0.200000
0.597434  0.780000  0.220000
0.554045  0.780000  0.240000
0.504765  0.780000  0.260000
0.448702  0.780000  0.280000
0.387506  0.780000  0.300000
0.341977  0.780000  0.320000
0.256754  0.780000  0.340000
0.204294  0.780000  0.360000
0.147409  0.780000  0.380000
0.088272  0.780000  0.400000
0.032981  0.780000  0.420000
-0.004682  0.780000  0.440000
-0.050587  0.780000  0.460000
-0.075921  0.780000  0.480000
-0.098062  0.780000  0.500000
-0.111629  0.780000  0.520000
-0.116134  0.780000  0.540000
-0.111629  0.780000  0.560000
-0.098062  0.780000  0.580000
-0.075921  0.780000  0.600000
-0.050587  0.780000  0.620000
-0.004682  0.780000  0.640000
0.032981  0.780000  0.660000
0.088272  0.780000  0.680000
0.147409  0.780000  0.700000
0.204294  0.780000  0.720000
0.256754  0.780000  0.740000
0.341977  0.780000  0.760000
0.387506  0.780000  0.780000
0.448702  0.780000  0.800000
0.504765  0.780000  0.820000
0.554045  0.780000  0.840000
0.597434  0.780000  0.860000
0.635498  0.780000  0.880000
0.668880  0.780000  0.900000
0.698416  0.780000  0.920000
0.724586  0.780000  0.940000
0.747173  0.780000  0.960000
0.765691  0.780000  0.980000
0.780088  0.780000  1.000000
0.790909  0.780000  1.020000
0.798841  0.780000  1.040000
0.804228  0.780000  1.060000
0.807009  0.780000  1.080000

0.824344  0.800000  0.000000
0.821400  0.800000  0.020000
0.815733  0.800000  0.040000
0.807519  0.800000  0.060000
0.796616  0.800000  0.080000
0.782598  0.800000  0.100000
0.765166  0.800000  0.120000
0.744523  0.800000  0.140000
0.721194  0.800000  0.160000
0.695352  0.800000  0.180000
0.666428  0.800000  0.200000
0.633479  0.800000  0.220000
0.595759  0.800000  0.240000
0.552636  0.800000  0.260000
0.503189  0.800000  0.280000
0.449038  0.800000  0.300000
0.411190  0.800000  0.320000
0.333009  0.800000  0.340000
0.287861  0.800000  0.360000
0.237986  0.800000  0.380000
0.185287  0.800000  0.400000
0.134084  0.800000  0.420000
0.101937  0.800000  0.440000
0.057556  0.800000  0.460000
0.035026  0.800000  0.480000
0.013961  0.800000  0.500000
0.000920  0.800000  0.520000
-0.003420  0.800000  0.540000
0.000920  0.800000  0.560000
0.013961  0.800000  0.580000
0.035026  0.800000  0.600000
0.057556  0.800000  0.620000
0.101937  0.800000  0.640000
0.134084  0.800000  0.660000
0.185287  0.800000  0.680000
0.237986  0.800000  0.700000
0.287861  0.800000  0.720000
0.333009  0.800000  0.740000
0.411190  0.800000  0.760000
0.449038  0.800000  0.780000
0.503189  0.800000  0.800000
0.552636  0.800000  0.820000
0.595759  0.800000  0.840000
0.633479  0.800000  0.860000
0.666428  0.800000  0.880000
0.695352  0.800000  0.900000
0.721194  0.800000  0.920000
0.744523  0.800000  0.940000
0.765166  0.800000  0.960000
0.782598  0.800000  0.980000
0.796616  0.800000  1.000000
0.807519  0.800000  1.020000
0.815733  0.800000  1.040000
0.821400  0.800000  1.060000
0.824344  0.800000  1.080000

0.833817  0.820000  0.000000
0.830784  0.820000  0.020000
0.824982  0.820000  0.040000
0.816701  0.820000  0.060000
0.805999  0.820000  0.080000
0.792711  0.820000  0.100000
0.776778  0.820000  0.120000
0.758547  0.820000  0.140000
0.738549  0.820000  0.160000
0.716864  0.820000  0.180000
0.692768  0.820000  0.200000
0.665144  0.820000  0.220000
0.633100  0.820000  0.240000
0.595928  0.820000  0.260000
0.552718  0.820000  0.280000
0.505128  0.820000  0.300000
0.474378  0.820000  0.320000
0.402966  0.820000  0.340000
0.364954  0.820000  0.360000
0.322151  0.820000  0.380000
0.275949  0.820000  0.400000
0.230105  0.820000  0.420000
0.203379  0.820000  0.440000
0.161702  0.820000  0.460000
0.142533  0.820000  0.480000
0.123289  0.820000  0.500000
0.111271  0.820000  0.520000
0.107268  0.820000  0.540000
0.111271  0.820000  0.560000
0.123289  0.820000  0.580000
0.142533  0.820000  0.600000
0.161702  0.820000  0.620000
0.203379  0.820000  0.640000
0.230105  0.820000  0.660000
0.275949  0.820000  0.680000
0.322151  0.820000  0.700000
0.364954  0.820000  0.720000
0.402966  0.820000  0.740000
0.474378  0.820000  0.760000
0.505128  0.820000  0.780000
0.552718  0.820000  0.800000
0.595928  0.820000  0.820000
0.633100  0.820000  0.840000
0.665144  0.820000  0.860000
0.692768  0.820000  0.880000
0.716864  0.820000  0.900000
0.738549  0.820000  0.920000
0.758547  0.820000  0.940000
0.776778  0.820000  0.960000
0.792711  0.820000  0.980000
0.805999  0.820000  1.000000
0.816701  0.820000  1.020000
0.824982  0.820000  1.040000
0.830784  0.820000  1.060000
0.833817  0.820000  1.080000

0.832899  0.840000  0.000000
0.829830  0.840000  0.020000
0.824003  0.840000  0.040000
0.815831  0.840000  0.060000
0.805583  0.840000  0.080000
0.793370  0.840000  0.100000
0.779386  0.840000  0.120000
0.764117  0.840000  0.140000
0.748075  0.840000  0.160000
0.731184  0.840000  0.180000
0.712481  0.840000  0.200000
0.690592  0.840000  0.220000
0.664413  0.840000  0.240000
0.633130  0.840000  0.260000
0.595866  0.840000  0.280000
0.554377  0.840000  0.300000
0.530105  0.840000  0.320000
0.464953  0.840000  0.340000
0.433645  0.840000  0.360000
0.397676  0.840000  0.380000
0.357819  0.840000  0.400000
0.317781  0.840000  0.420000
0.296030  0.840000  0.440000
0.258286  0.840000  0.460000
0.242296  0.840000  0.480000
0.225330  0.840000  0.500000
0.214629  0.840000  0.520000
0.211057  0.840000  0.540000
0.214629  0.840000  0.560000
0.225330  0.840000  0.580000
0.242296  0.840000  0.600000
0.258286  0.840000  0.620000
0.296030  0.840000  0.640000
0.317781  0.840000  0.660000
0.357819  0.840000  0.680000
0.397676  0.840000  0.700000
0.433645  0.840000  0.720000
0.464953  0.840000  0.740000
0.530105  0.840000  0.760000
0.554377  0.840000  0.780000
0.595866  0.840000  0.800000
0.633130  0.840000  0.820000
0.664413  0.840000  0.840000
0.690592  0.840000  0.860000
0.712481  0.840000  0.880000
0.731184  0.840000  0.900000
0.748075  0.840000  0.920000
0.764117  0.840000  0.940000
0.779386  0.840000  0.960000
0.793370  0.840000  0.980000
0.805583  0.840000  1.000000
0.815831  0.840000  1.020000
0.824003  0.840000  1.040000
0.829830  0.840000  1.060000
0.832899  0.840000  1.080000

0.823979  0.860000  0.000000
0.820851  0.860000  0.020000
0.814965  0.860000  0.040000
0.806873  0.860000  0.060000
0.797095  0.860000  0.080000
0.786056  0.860000  0.100000
0.774249  0.860000  0.120000
0.762314  0.860000  0.140000
0.750730  0.860000  0.160000
0.739203  0.860000  0.180000
0.726442  0.860000  0.200000
0.710714  0.860000  0.220000
0.690623  0.860000  0.240000
0.665203  0.860000  0.260000
0.633609  0.860000  0.280000
0.597741  0.860000  0.300000
0.579286  0.860000  0.320000
0.519743  0.860000  0.340000
0.494520  0.860000  0.360000
0.464883  0.860000  0.380000
0.431007  0.860000  0.400000
0.396579  0.860000  0.420000
0.379627  0.860000  0.440000
0.346030  0.860000  0.460000
0.333174  0.860000  0.480000
0.318610  0.860000  0.500000
0.309313  0.860000  0.520000
0.306203  0.860000  0.540000
0.309313  0.860000  0.560000
0.318610  0.860000  0.580000
0.333174  0.860000  0.600000
0.346030  0.860000  0.620000
0.379627  0.860000  0.640000
0.396579  0.860000  0.660000
0.431007  0.860000  0.680000
0.464883  0.860000  0.700000
0.494520  0.860000  0.720000
0.519743  0.860000  0.740000
0.579286  0.860000  0.760000
0.597741  0.860000  0.780000
0.633609  0.860000  0.800000
0.665203  0.860000  0.820000
0.690623  0.860000  0.840000
0.710714  0.860000  0.860000
0.726442  0.860000  0.880000
0.739203  0.860000  0.900000
0.750730  0.860000  0.920000
0.762314  0.860000  0.940000
0.774249  0.860000  0.960000
0.786056  0.860000  0.980000
0.797095  0.860000  1.000000
0.806873  0.860000  1.020000
0.814965  0.860000  1.040000
0.820851  0.860000  1.060000
0.823979  0.860000  1.080000

0.811888  0.880000  0.000000
0.808555  0.880000  0.020000
0.802329  0.880000  0.040000
0.793941  0.880000  0.060000
0.784213  0.880000  0.080000
0.773967  0.880000  0.100000
0.764065  0.880000  0.120000
0.755364  0.880000  0.140000
0.748316  0.880000  0.160000
0.742371  0.880000  0.180000
0.735823  0.880000  0.200000
0.726476  0.880000  0.220000
0.712547  0.880000  0.240000
0.692862  0.880000  0.260000
0.666588  0.880000  0.280000
0.635790  0.880000  0.300000
0.622430  0.880000  0.320000
0.567742  0.880000  0.340000
0.547858  0.880000  0.360000
0.523869  0.880000  0.380000
0.495423  0.880000  0.400000
0.466116  0.880000  0.420000
0.453740  0.880000  0.440000
0.424020  0.880000  0.460000
0.414220  0.880000  0.480000
0.401981  0.880000  0.500000
0.394054  0.880000  0.520000
0.391396  0.880000  0.540000
0.394054  0.880000  0.560000
0.401981  0.880000  0.580000
0.414220  0.880000  0.600000
0.424020  0.880000  0.620000
0.453740  0.880000  0.640000
0.466116  0.880000  0.660000
0.495423  0.880000  0.680000
0.523869  0.880000  0.700000
0.547858  0.880000  0.720000
0.567742  0.880000  0.740000
0.622430  0.880000  0.760000
0.635790  0.880000  0.780000
0.666588  0.880000  0.800000
0.692862  0.880000  0.820000
0.712547  0.880000  0.840000
0.726476  0.880000  0.860000
0.735823  0.880000  0.880000
0.742371  0.880000  0.900000
0.748316  0.880000  0.920000
0.755364  0.880000  0.940000
0.764065  0.880000  0.960000
0.773967  0.880000  0.980000
0.784213  0.880000  1.000000
0.793941  0.880000  1.020000
0.802329  0.880000  1.040000
0.808555  0.880000  1.060000
0.811888  0.880000  1.080000

0.803296  0.900000  0.000000
0.799485  0.900000  0.020000
0.792386  0.900000  0.040000
0.782939  0.900000  0.060000
0.772337  0.900000  0.080000
0.761898  0.900000  0.100000
0.752975  0.900000  0.120000
0.746738  0.900000  0.140000
0.743671  0.900000  0.160000
0.742957  0.900000  0.180000
0.742409  0.900000  0.200000
0.739273  0.900000  0.220000
0.731285  0.900000  0.240000
0.716995  0.900000  0.260000
0.695544  0.900000  0.280000
0.669165  0.900000  0.300000
0.660102  0.900000  0.320000
0.609455  0.900000  0.340000
0.594089  0.900000  0.360000
0.574960  0.900000  0.380000
0.551277  0.900000  0.400000
0.526500  0.900000  0.420000
0.518324  0.900000  0.440000
0.492082  0.900000  0.460000
0.485146  0.900000  0.480000
0.475063  0.900000  0.500000
0.468409  0.900000  0.520000
0.466173  0.900000  0.540000
0.468409  0.900000  0.560000
0.475063  0.900000  0.580000
0.485146  0.900000  0.600000
0.492082  0.900000  0.620000
0.518324  0.900000  0.640000
0.526500  0.900000  0.660000
0.551277  0.900000  0.680000
0.574960  0.900000  0.700000
0.594089  0.900000  0.720000
0.609455  0.900000  0.740000
0.660102  0.900000  0.760000
0.669165  0.900000  0.780000
0.695544  0.900000  0.800000
0.716995  0.900000  0.820000
0.731285  0.900000  0.840000
0.739273  0.900000  0.860000
0.742409  0.900000  0.880000
0.742957  0.900000  0.900000
0.743671  0.900000  0.920000
0.746738  0.900000  0.940000
0.752975  0.900000  0.960000
0.761898  0.900000  0.980000
0.772337  0.900000  1.000000
0.782939  0.900000  1.020000
0.792386  0.900000  1.040000
0.799485  0.900000  1.060000
0.803296  0.900000  1.080000

0.804790  0.920000  0.000000
0.800169  0.920000  0.020000
0.791528  0.920000  0.040000
0.780022  0.920000  0.060000
0.767259  0.920000  0.080000
0.755152  0.920000  0.100000
0.745686  0.920000  0.120000
0.740490  0.920000  0.140000
0.740179  0.920000  0.160000
0.743712  0.920000  0.180000
0.748395  0.920000  0.200000
0.750838  0.920000  0.220000
0.748211  0.920000  0.240000
0.738716  0.920000  0.260000
0.721419  0.920000  0.280000
0.698705  0.920000  0.300000
0.693067  0.920000  0.320000
0.645627  0.920000  0.340000
0.633919  0.920000  0.360000
0.618826  0.920000  0.380000
0.599187  0.920000  0.400000
0.578321  0.920000  0.420000
0.573872  0.920000  0.440000
0.550689  0.920000  0.460000
0.546349  0.920000  0.480000
0.538214  0.920000  0.500000
0.532713  0.920000  0.520000
0.530859  0.920000  0.540000
0.532713  0.920000  0.560000
0.538214  0.920000  0.580000
0.546349  0.920000  0.600000
0.550689  0.920000  0.620000
0.573872  0.920000  0.640000
0.578321  0.920000  0.660000
0.599187  0.920000  0.680000
0.618826  0.920000  0.700000
0.633919  0.920000  0.720000
0.645627  0.920000  0.740000
0.693067  0.920000  0.760000
0.698705  0.920000  0.780000
0.721419  0.920000  0.800000
0.738716  0.920000  0.820000
0.748211  0.920000  0.840000
0.750838  0.920000  0.860000
0.748395  0.920000  0.880000
0.743712  0.920000  0.900000
0.740179  0.920000  0.920000
0.740490  0.920000  0.940000
0.745686  0.920000  0.960000
0.755152  0.920000  0.980000
0.767259  0.920000  1.000000
0.780022  0.920000  1.020000
0.791528  0.920000  1.040000
0.800169  0.920000  1.060000
0.804790  0.920000  1.080000

0.820170  0.940000  0.000000
0.814474  0.940000  0.020000
0.803718  0.940000  0.040000
0.789223  0.940000  0.060000
0.772997  0.940000  0.080000
0.757604  0.940000  0.100000
0.745783  0.940000  0.120000
0.739791  0.940000  0.140000
0.740527  0.940000  0.160000
0.746817  0.940000  0.180000
0.755481  0.940000  0.200000
0.762461  0.940000  0.220000
0.764287  0.940000  0.240000
0.758747  0.940000  0.260000
0.744779  0.940000  0.280000
0.724896  0.940000  0.300000
0.721756  0.940000  0.320000
0.676699  0.940000  0.340000
0.667766  0.940000  0.360000
0.655887  0.940000  0.380000
0.639561  0.940000  0.400000
0.621980  0.940000  0.420000
0.620754  0.940000  0.440000
0.600206  0.940000  0.460000
0.598168  0.940000  0.480000
0.591756  0.940000  0.500000
0.587280  0.940000  0.520000
0.585765  0.940000  0.540000
0.587280  0.940000  0.560000
0.591756  0.940000  0.580000
0.598168  0.940000  0.600000
0.600206  0.940000  0.620000
0.620754  0.940000  0.640000
0.621980  0.940000  0.660000
0.639561  0.940000  0.680000
0.655887  0.940000  0.700000
0.667766  0.940000  0.720000
0.676699  0.940000  0.740000
0.721756  0.940000  0.760000
0.724896  0.940000  0.780000
0.744779  0.940000  0.800000
0.758747  0.940000  0.820000
0.764287  0.940000  0.840000
0.762461  0.940000  0.860000
0.755481  0.940000  0.880000
0.746817  0.940000  0.900000
0.740527  0.940000  0.920000
0.739791  0.940000  0.940000
0.745783  0.940000  0.960000
0.757604  0.940000  0.980000
0.772997  0.940000  1.000000
0.789223  0.940000  1.020000
0.803718  0.940000  1.040000
0.814474  0.940000  1.060000
0.820170  0.940000  1.080000

0.848741  0.960000  0.000000
0.841894  0.960000  0.020000
0.828795  0.960000  0.040000
0.810806  0.960000  0.060000
0.790231  0.960000  0.080000
0.770250  0.960000  0.100000
0.754435  0.960000  0.120000
0.745819  0.960000  0.140000
0.745759  0.960000  0.160000
0.753088  0.960000  0.180000
0.764217  0.960000  0.200000
0.774431  0.960000  0.220000
0.779588  0.960000  0.240000
0.777010  0.960000  0.260000
0.765449  0.960000  0.280000
0.747518  0.960000  0.300000
0.745944  0.960000  0.320000
0.702463  0.960000  0.340000
0.695427  0.960000  0.360000
0.685956  0.960000  0.380000
0.672219  0.960000  0.400000
0.657297  0.960000  0.420000
0.658783  0.960000  0.440000
0.640435  0.960000  0.460000
0.640400  0.960000  0.480000
0.635480  0.960000  0.500000
0.631897  0.960000  0.520000
0.630678  0.960000  0.540000
0.631897  0.960000  0.560000
0.635480  0.960000  0.580000
0.640400  0.960000  0.600000
0.640435  0.960000  0.620000
0.658783  0.960000  0.640000
0.657297  0.960000  0.660000
0.672219  0.960000  0.680000
0.685956  0.960000  0.700000
0.695427  0.960000  0.720000
0.702463  0.960000  0.740000
0.745944  0.960000  0.760000
0.747518  0.960000  0.780000
0.765449  0.960000  0.800000
0.777010  0.960000  0.820000
0.779588  0.960000  0.840000
0.774431  0.960000  0.860000
0.764217  0.960000  0.880000
0.753088  0.960000  0.900000
0.745759  0.960000  0.920000
0.745819  0.960000  0.940000
0.754435  0.960000  0.960000
0.770250  0.960000  0.980000
0.790231  0.960000  1.000000
0.810806  0.960000  1.020000
0.828795  0.960000  1.040000
0.841894  0.960000  1.060000
0.848741  0.960000  1.080000

0.885641  0.980000  0.000000
0.877829  0.980000  0.020000
0.862651  0.980000  0.040000
0.841325  0.980000  0.060000
0.816255  0.980000  0.080000
0.791112  0.980000  0.100000
0.770283  0.980000  0.120000
0.757674  0.980000  0.140000
0.755259  0.980000  0.160000
0.762043  0.980000  0.180000
0.774150  0.980000  0.200000
0.786270  0.980000  0.220000
0.793602  0.980000  0.240000
0.792971  0.980000  0.260000
0.782905  0.980000  0.280000
0.766080  0.980000  0.300000
0.765219  0.980000  0.320000
0.722553  0.980000  0.340000
0.716597  0.980000  0.360000
0.708775  0.980000  0.380000
0.696933  0.980000  0.400000
0.684059  0.980000  0.420000
0.687747  0.980000  0.440000
0.671176  0.980000  0.460000
0.672836  0.980000  0.480000
0.669176  0.980000  0.500000
0.666351  0.980000  0.520000
0.665384  0.980000  0.540000
0.666351  0.980000  0.560000
0.669176  0.980000  0.580000
0.672836  0.980000  0.600000
0.671176  0.980000  0.620000
0.687747  0.980000  0.640000
0.684059  0.980000  0.660000
0.696933  0.980000  0.680000
0.708775  0.980000  0.700000
0.716597  0.980000  0.720000
0.722553  0.980000  0.740000
0.765219  0.980000  0.760000
0.766080  0.980000  0.780000
0.782905  0.980000  0.800000
0.792971  0.980000  0.820000
0.793602  0.980000  0.840000
0.786270  0.980000  0.860000
0.774150  0.980000  0.880000
0.762043  0.980000  0.900000
0.755259  0.980000  0.920000
0.757674  0.980000  0.940000
0.770283  0.980000  0.960000
0.791112  0.980000  0.980000
0.816255  0.980000  1.000000
0.841325  0.980000  1.020000
0.862651  0.980000  1.040000
0.877829  0.980000  1.060000
0.885641  0.980000  1.080000

0.923971  1.000000  0.000000
0.915601  1.000000  0.020000
0.899045  1.000000  0.040000
0.875182  1.000000  0.060000
0.846275  1.000000  0.080000
0.816280  1.000000  0.100000
0.790290  1.000000  0.120000
0.773095  1.000000  0.140000
0.767394  1.000000  0.160000
0.772509  1.000000  0.180000
0.784422  1.000000  0.200000
0.797335  1.000000  0.220000
0.805843  1.000000  0.240000
0.806284  1.000000  0.260000
0.796942  1.000000  0.280000
0.780519  1.000000  0.300000
0.779708  1.000000  0.320000
0.737217  1.000000  0.340000
0.731676  1.000000  0.360000
0.724849  1.000000  0.380000
0.714291  1.000000  0.400000
0.702914  1.000000  0.420000
0.708314  1.000000  0.440000
0.693140  1.000000  0.460000
0.696180  1.000000  0.480000
0.693556  1.000000  0.500000
0.691357  1.000000  0.520000
0.690598  1.000000  0.540000
0.691357  1.000000  0.560000
0.693556  1.000000  0.580000
0.696180  1.000000  0.600000
0.693140  1.000000  0.620000
0.708314  1.000000  0.640000
0.702914  1.000000  0.660000
0.714291  1.000000  0.680000
0.724849  1.000000  0.700000
0.731676  1.000000  0.720000
0.737217  1.000000  0.740000
0.779708  1.000000  0.760000
0.780519  1.000000  0.780000
0.796942  1.000000  0.800000
0.806284  1.000000  0.820000
0.805843  1.000000  0.840000
0.797335  1.000000  0.860000
0.784422  1.000000  0.880000
0.772509  1.000000  0.900000
0.767394  1.000000  0.920000
0.773095  1.000000  0.940000
0.790290  1.000000  0.960000
0.816280  1.000000  0.980000
0.846275  1.000000  1.000000
0.875182  1.000000  1.020000
0.899045  1.000000  1.040000
0.915601  1.000000  1.060000
0.923971  1.000000  1.080000

0.957522  1.020000  0.000000
0.949070  1.020000  0.020000
0.932017  1.020000  0.040000
0.906753  1.020000  0.060000
0.875198  1.020000  0.080000
0.841368  1.020000  0.100000
0.810884  1.020000  0.120000
0.789341  1.020000  0.140000
0.780179  1.020000  0.160000
0.783133  1.020000  0.180000
0.794170  1.020000  0.200000
0.807134  1.020000  0.220000
0.816114  1.020000  0.240000
0.817007  1.020000  0.260000
0.807858  1.020000  0.280000
0.791368  1.020000  0.300000
0.790213  1.020000  0.320000
0.747468  1.020000  0.340000
0.741911  1.020000  0.360000
0.735593  1.020000  0.380000
0.725845  1.020000  0.400000
0.715512  1.020000  0.420000
0.722189  1.020000  0.440000
0.708088  1.020000  0.460000
0.712201  1.020000  0.480000
0.710407  1.020000  0.500000
0.708707  1.020000  0.520000
0.708113  1.020000  0.540000
0.708707  1.020000  0.560000
0.710407  1.020000  0.580000
0.712201  1.020000  0.600000
0.708088  1.020000  0.620000
0.722189  1.020000  0.640000
0.715512  1.020000  0.660000
0.725845  1.020000  0.680000
0.735593  1.020000  0.700000
0.741911  1.020000  0.720000
0.747468  1.020000  0.740000
0.790213  1.020000  0.760000
0.791368  1.020000  0.780000
0.807858  1.020000  0.800000
0.817007  1.020000  0.820000
0.816114  1.020000  0.840000
0.807134  1.020000  0.860000
0.794170  1.020000  0.880000
0.783133  1.020000  0.900000
0.780179  1.020000  0.920000
0.789341  1.020000  0.940000
0.810884  1.020000  0.960000
0.841368  1.020000  0.980000
0.875198  1.020000  1.000000
0.906753  1.020000  1.020000
0.932017  1.020000  1.040000
0.949070  1.020000  1.060000
0.957522  1.020000  1.080000

0.982667  1.040000  0.000000
0.974493  1.040000  0.020000
0.957656  1.040000  0.040000
0.932024  1.040000  0.060000
0.899070  1.040000  0.080000
0.862703  1.040000  0.100000
0.828884  1.040000  0.120000
0.803849  1.040000  0.140000
0.791700  1.040000  0.160000
0.792596  1.040000  0.180000
0.802572  1.040000  0.200000
0.815240  1.040000  0.220000
0.824303  1.040000  0.240000
0.825304  1.040000  0.260000
0.816081  1.040000  0.280000
0.799312  1.040000  0.300000
0.797689  1.040000  0.320000
0.754509  1.040000  0.340000
0.748747  1.040000  0.360000
0.742643  1.040000  0.380000
0.733379  1.040000  0.400000
0.723751  1.040000  0.420000
0.731334  1.040000  0.440000
0.718031  1.040000  0.460000
0.722933  1.040000  0.480000
0.721771  1.040000  0.500000
0.720447  1.040000  0.520000
0.719979  1.040000  0.540000
0.720447  1.040000  0.560000
0.721771  1.040000  0.580000
0.722933  1.040000  0.600000
0.718031  1.040000  0.620000
0.731334  1.040000  0.640000
0.723751  1.040000  0.660000
0.733379  1.040000  0.680000
0.742643  1.040000  0.700000
0.748747  1.040000  0.720000
0.754509  1.040000  0.740000
0.797689  1.040000  0.760000
0.799312  1.040000  0.780000
0.816081  1.040000  0.800000
0.825304  1.040000  0.820000
0.824303  1.040000  0.840000
0.815240  1.040000  0.860000
0.802572  1.040000  0.880000
0.792596  1.040000  0.900000
0.791700  1.040000  0.920000
0.803849  1.040000  0.940000
0.828884  1.040000  0.960000
0.862703  1.040000  0.980000
0.899070  1.040000  1.000000
0.932024  1.040000  1.020000
0.957656  1.040000  1.040000
0.974493  1.040000  1.060000
0.982667  1.040000  1.080000

0.998584  1.060000  0.000000
0.990807  1.060000  0.020000
0.974494  1.060000  0.040000
0.949080  1.060000  0.060000
0.915629  1.060000  0.080000
0.877886  1.060000  0.100000
0.841989  1.060000  0.120000
0.814612  1.060000  0.140000
0.800351  1.060000  0.160000
0.799705  1.060000  0.180000
0.808807  1.060000  0.200000
0.821135  1.060000  0.220000
0.830140  1.060000  0.240000
0.831117  1.060000  0.260000
0.821754  1.060000  0.280000
0.804700  1.060000  0.300000
0.802684  1.060000  0.320000
0.759101  1.060000  0.340000
0.753126  1.060000  0.360000
0.747095  1.060000  0.380000
0.738106  1.060000  0.400000
0.728921  1.060000  0.420000
0.737091  1.060000  0.440000
0.724328  1.060000  0.460000
0.729752  1.060000  0.480000
0.729021  1.060000  0.500000
0.727951  1.060000  0.520000
0.727570  1.060000  0.540000
0.727951  1.060000  0.560000
0.729021  1.060000  0.580000
0.729752  1.060000  0.600000
0.724328  1.060000  0.620000
0.737091  1.060000  0.640000
0.728921  1.060000  0.660000
0.738106  1.060000  0.680000
0.747095  1.060000  0.700000
0.753126  1.060000  0.720000
0.759101  1.060000  0.740000
0.802684  1.060000  0.760000
0.804700  1.060000  0.780000
0.821754  1.060000  0.800000
0.831117  1.060000  0.820000
0.830140  1.060000  0.840000
0.821135  1.060000  0.860000
0.808807  1.060000  0.880000
0.799705  1.060000  0.900000
0.800351  1.060000  0.920000
0.814612  1.060000  0.940000
0.841989  1.060000  0.960000
0.877886  1.060000  0.980000
0.915629  1.060000  1.000000
0.949080  1.060000  1.020000
0.974494  1.060000  1.040000
0.990807  1.060000  1.060000
0.998584  1.060000  1.080000

1.006087  1.080000  0.000000
0.998583  1.080000  0.020000
0.982669  1.080000  0.040000
0.957531  1.080000  0.060000
0.923998  1.080000  0.080000
0.885698  1.080000  0.100000
0.848838  1.080000  0.120000
0.820312  1.080000  0.140000
0.804976  1.080000  0.160000
0.803521  1.080000  0.180000
0.812144  1.080000  0.200000
0.824267  1.080000  0.220000
0.833214  1.080000  0.240000
0.834155  1.080000  0.260000
0.824699  1.080000  0.280000
0.807479  1.080000  0.300000
0.805247  1.080000  0.320000
0.761433  1.080000  0.340000
0.755333  1.080000  0.360000
0.749321  1.080000  0.380000
0.740459  1.080000  0.400000
0.731491  1.080000  0.420000
0.739953  1.080000  0.440000
0.727464  1.080000  0.460000
0.733151  1.080000  0.480000
0.732640  1.080000  0.500000
0.731700  1.080000  0.520000
0.731362  1.080000  0.540000
0.731700  1.080000  0.560000
0.732640  1.080000  0.580000
0.733151  1.080000  0.600000
0.727464  1.080000  0.620000
0.739953  1.080000  0.640000
0.731491  1.080000  0.660000
0.740459  1.080000  0.680000
0.749321  1.080000  0.700000
0.755333  1.080000  0.720000
0.761433  1.080000  0.740000
0.805247  1.080000  0.760000
0.807479  1.080000  0.780000
0.824699  1.080000  0.800000
0.834155  1.080000  0.820000
0.833214  1.080000  0.840000
0.824267  1.080000  0.860000
0.812144  1.080000  0.880000
0.803521  1.080000  0.900000
0.804976  1.080000  0.920000
0.820312  1.080000  0.940000
0.848838  1.080000  0.960000
0.885698  1.080000  0.980000
0.923998  1.080000  1.000000
0.957531  1.080000  1.020000
0.982669  1.080000  1.040000
0.998583  1.080000  1.060000
1.006087  1.080000  1.080000

