0.300000 
-0.004297  0.000000  0.000000
-0.004612  0.000000  0.050000
-0.005166  0.000000  0.100000
-0.005820  0.000000  0.150000
-0.006370  0.000000  0.200000
-0.006197  0.000000  0.250000
-0.000843  0.000000  0.300000
-0.033811  0.000000  0.350000
0.010497  0.000000  0.400000
-0.028616  0.000000  0.450000
-0.009430  0.000000  0.500000
-0.012477  0.000000  0.550000
-0.009381  0.000000  0.600000
-0.028603  0.000000  0.650000
0.010547  0.000000  0.700000
-0.033851  0.000000  0.750000
-0.000878  0.000000  0.800000
-0.006496  0.000000  0.850000
-0.006834  0.000000  0.900000
-0.006496  0.000000  0.950000
-0.006114  0.000000  1.000000
-0.005874  0.000000  1.050000

-0.004727  0.050000  0.000000
-0.005104  0.050000  0.050000
-0.005785  0.050000  0.100000
-0.006647  0.050000  0.150000
-0.007512  0.050000  0.200000
-0.007680  0.050000  0.250000
-0.000892  0.050000  0.300000
-0.036488  0.050000  0.350000
0.010091  0.050000  0.400000
-0.032883  0.050000  0.450000
-0.008074  0.050000  0.500000
-0.012832  0.050000  0.550000
-0.008000  0.050000  0.600000
-0.032838  0.050000  0.650000
0.010191  0.050000  0.700000
-0.036505  0.050000  0.750000
-0.000886  0.050000  0.800000
-0.007994  0.050000  0.850000
-0.008012  0.050000  0.900000
-0.007387  0.050000  0.950000
-0.006834  0.050000  1.000000
-0.006515  0.050000  1.050000

-0.005480  0.100000  0.000000
-0.005983  0.100000  0.050000
-0.006926  0.100000  0.100000
-0.008212  0.100000  0.150000
-0.009724  0.100000  0.200000
-0.010614  0.100000  0.250000
-0.000633  0.100000  0.300000
-0.041818  0.100000  0.350000
0.010450  0.100000  0.400000
-0.040634  0.100000  0.450000
-0.003537  0.100000  0.500000
-0.011888  0.100000  0.550000
-0.003406  0.100000  0.600000
-0.040506  0.100000  0.650000
0.010677  0.100000  0.700000
-0.041765  0.100000  0.750000
-0.000512  0.100000  0.800000
-0.010938  0.100000  0.850000
-0.010278  0.100000  0.900000
-0.009064  0.100000  0.950000
-0.008163  0.100000  1.000000
-0.007682  0.100000  1.050000

-0.006298  0.150000  0.000000
-0.006992  0.150000  0.050000
-0.008332  0.150000  0.100000
-0.010263  0.150000  0.150000
-0.012765  0.150000  0.200000
-0.014801  0.150000  0.250000
0.000925  0.150000  0.300000
-0.049507  0.150000  0.350000
0.014394  0.150000  0.400000
-0.049321  0.150000  0.450000
0.008560  0.150000  0.500000
-0.005416  0.150000  0.550000
0.008803  0.150000  0.600000
-0.049016  0.150000  0.650000
0.014879  0.150000  0.700000
-0.049285  0.150000  0.750000
0.001307  0.150000  0.800000
-0.015080  0.150000  0.850000
-0.013341  0.150000  0.900000
-0.011230  0.150000  0.950000
-0.009806  0.150000  1.000000
-0.009081  0.150000  1.050000

-0.006748  0.200000  0.000000
-0.007687  0.200000  0.050000
-0.009530  0.200000  0.100000
-0.012277  0.200000  0.150000
-0.016040  0.200000  0.200000
-0.019585  0.200000  0.250000
0.006004  0.200000  0.300000
-0.058581  0.200000  0.350000
0.026967  0.200000  0.400000
-0.052878  0.200000  0.450000
0.035525  0.200000  0.500000
0.014243  0.200000  0.550000
0.035953  0.200000  0.600000
-0.052235  0.200000  0.650000
0.027923  0.200000  0.700000
-0.057992  0.200000  0.750000
0.006928  0.200000  0.800000
-0.019664  0.200000  0.850000
-0.016512  0.200000  0.900000
-0.013269  0.200000  0.950000
-0.011191  0.200000  1.000000
-0.010162  0.200000  1.050000

-0.006633  0.250000  0.000000
-0.007811  0.250000  0.050000
-0.010142  0.250000  0.100000
-0.013666  0.250000  0.150000
-0.018637  0.250000  0.200000
-0.023651  0.250000  0.250000
0.018688  0.250000  0.300000
-0.067409  0.250000  0.350000
0.054428  0.250000  0.400000
-0.041866  0.250000  0.450000
0.082788  0.250000  0.500000
0.054091  0.250000  0.550000
0.083471  0.250000  0.600000
-0.040665  0.250000  0.650000
0.056121  0.250000  0.700000
-0.066130  0.250000  0.750000
0.020615  0.250000  0.800000
-0.023233  0.250000  0.850000
-0.018738  0.250000  0.900000
-0.014452  0.250000  0.950000
-0.011787  0.250000  1.000000
-0.010481  0.250000  1.050000

-0.008557  0.300000  0.000000
-0.009823  0.300000  0.050000
-0.012297  0.300000  0.100000
-0.015970  0.300000  0.150000
-0.021166  0.300000  0.200000
-0.026515  0.300000  0.250000
0.043409  0.300000  0.300000
-0.076460  0.300000  0.350000
0.097834  0.300000  0.400000
-0.014845  0.300000  0.450000
0.135294  0.300000  0.500000
0.101816  0.300000  0.550000
0.136207  0.300000  0.600000
-0.012950  0.300000  0.650000
0.100372  0.300000  0.700000
-0.074176  0.300000  0.750000
0.046830  0.300000  0.800000
-0.025304  0.300000  0.850000
-0.020652  0.300000  0.900000
-0.016366  0.300000  0.950000
-0.013760  0.300000  1.000000
-0.012468  0.300000  1.050000

-0.030073  0.350000  0.000000
-0.031107  0.350000  0.050000
-0.032846  0.350000  0.100000
-0.034752  0.350000  0.150000
-0.036699  0.350000  0.200000
-0.037395  0.350000  0.250000
0.079766  0.350000  0.300000
-0.069051  0.350000  0.350000
0.184306  0.350000  0.400000
0.071447  0.350000  0.450000
0.241359  0.350000  0.500000
0.211860  0.350000  0.550000
0.242350  0.350000  0.600000
0.073961  0.350000  0.650000
0.187576  0.350000  0.700000
-0.065712  0.350000  0.750000
0.084568  0.350000  0.800000
-0.036088  0.350000  0.850000
-0.036727  0.350000  0.900000
-0.036319  0.350000  0.950000
-0.035959  0.350000  1.000000
-0.035600  0.350000  1.050000

0.000250  0.400000  0.000000
-0.001717  0.400000  0.050000
-0.004816  0.400000  0.100000
-0.007591  0.400000  0.150000
-0.009380  0.400000  0.200000
-0.010060  0.400000  0.250000
0.150602  0.400000  0.300000
-0.035337  0.400000  0.350000
0.244641  0.400000  0.400000
0.188804  0.400000  0.450000
0.335097  0.400000  0.500000
0.316988  0.400000  0.550000
0.336423  0.400000  0.600000
0.192246  0.400000  0.650000
0.248978  0.400000  0.700000
-0.029687  0.400000  0.750000
0.158169  0.400000  0.800000
-0.006249  0.400000  0.850000
-0.007035  0.400000  0.900000
-0.007204  0.400000  0.950000
-0.006667  0.400000  1.000000
-0.005863  0.400000  1.050000

-0.017813  0.450000  0.000000
-0.018921  0.450000  0.050000
-0.019782  0.450000  0.100000
-0.017609  0.450000  0.150000
-0.009678  0.450000  0.200000
0.004933  0.450000  0.250000
0.232532  0.450000  0.300000
-0.000560  0.450000  0.350000
0.348543  0.450000  0.400000
0.246215  0.450000  0.450000
0.365867  0.450000  0.500000
0.353465  0.450000  0.550000
0.367108  0.450000  0.600000
0.249652  0.450000  0.650000
0.352801  0.450000  0.700000
0.006579  0.450000  0.750000
0.241743  0.450000  0.800000
0.009942  0.450000  0.850000
-0.006843  0.450000  0.900000
-0.017492  0.450000  0.950000
-0.022381  0.450000  1.000000
-0.023756  0.450000  1.050000

-0.022179  0.500000  0.000000
-0.022715  0.500000  0.050000
-0.022330  0.500000  0.100000
-0.018303  0.500000  0.150000
-0.009348  0.500000  0.200000
0.001415  0.500000  0.250000
0.256759  0.500000  0.300000
0.009363  0.500000  0.350000
0.369994  0.500000  0.400000
0.285160  0.500000  0.450000
0.386511  0.500000  0.500000
0.378162  0.500000  0.550000
0.387809  0.500000  0.600000
0.288758  0.500000  0.650000
0.374424  0.500000  0.700000
0.017538  0.500000  0.750000
0.266294  0.500000  0.800000
0.006544  0.500000  0.850000
-0.006204  0.500000  0.900000
-0.017591  0.500000  0.950000
-0.024044  0.500000  1.000000
-0.026282  0.500000  1.050000

-0.016606  0.550000  0.000000
-0.016973  0.550000  0.050000
-0.016109  0.550000  0.100000
-0.010997  0.550000  0.150000
-0.000164  0.550000  0.200000
0.012591  0.550000  0.250000
0.281110  0.550000  0.300000
0.026115  0.550000  0.350000
0.394431  0.550000  0.400000
0.305361  0.550000  0.450000
0.404818  0.550000  0.500000
0.397190  0.550000  0.550000
0.406205  0.550000  0.600000
0.309099  0.550000  0.650000
0.399103  0.550000  0.700000
0.034982  0.550000  0.750000
0.291342  0.550000  0.800000
0.018512  0.550000  0.850000
0.003810  0.550000  0.900000
-0.009420  0.550000  0.950000
-0.016908  0.550000  1.000000
-0.019537  0.550000  1.050000

-0.022133  0.600000  0.000000
-0.022644  0.600000  0.050000
-0.022198  0.600000  0.100000
-0.018057  0.600000  0.150000
-0.008922  0.600000  0.200000
0.002085  0.600000  0.250000
0.258177  0.600000  0.300000
0.010672  0.600000  0.350000
0.371790  0.600000  0.400000
0.286480  0.600000  0.450000
0.388336  0.600000  0.500000
0.379844  0.600000  0.550000
0.389635  0.600000  0.600000
0.290083  0.600000  0.650000
0.376225  0.600000  0.700000
0.018873  0.600000  0.750000
0.267739  0.600000  0.800000
0.007243  0.600000  0.850000
-0.005750  0.600000  0.900000
-0.017316  0.600000  0.950000
-0.023880  0.600000  1.000000
-0.026168  0.600000  1.050000

-0.017749  0.650000  0.000000
-0.018812  0.650000  0.050000
-0.019562  0.650000  0.100000
-0.017178  0.650000  0.150000
-0.008902  0.650000  0.200000
0.006190  0.650000  0.250000
0.235258  0.650000  0.300000
0.001770  0.650000  0.350000
0.352186  0.650000  0.400000
0.248791  0.650000  0.450000
0.369666  0.650000  0.500000
0.356935  0.650000  0.550000
0.370909  0.650000  0.600000
0.252241  0.650000  0.650000
0.356459  0.650000  0.700000
0.008955  0.650000  0.750000
0.244521  0.650000  0.800000
0.011251  0.650000  0.850000
-0.006014  0.650000  0.900000
-0.017011  0.650000  0.950000
-0.022108  0.650000  1.000000
-0.023576  0.650000  1.050000

0.000285  0.700000  0.000000
-0.001632  0.700000  0.050000
-0.004604  0.700000  0.100000
-0.007132  0.700000  0.150000
-0.008502  0.700000  0.200000
-0.008551  0.700000  0.250000
0.154260  0.700000  0.300000
-0.032272  0.700000  0.350000
0.250499  0.700000  0.400000
0.192765  0.700000  0.450000
0.341555  0.700000  0.500000
0.322711  0.700000  0.550000
0.342889  0.700000  0.600000
0.196235  0.700000  0.650000
0.254872  0.700000  0.700000
-0.026551  0.700000  0.750000
0.161903  0.700000  0.800000
-0.004683  0.700000  0.850000
-0.006107  0.700000  0.900000
-0.006702  0.700000  0.950000
-0.006410  0.700000  1.000000
-0.005713  0.700000  1.050000

-0.030015  0.750000  0.000000
-0.030997  0.750000  0.050000
-0.032608  0.750000  0.100000
-0.034258  0.750000  0.150000
-0.035752  0.750000  0.200000
-0.035710  0.750000  0.250000
0.083957  0.750000  0.300000
-0.065788  0.750000  0.350000
0.191780  0.750000  0.400000
0.075588  0.750000  0.450000
0.249917  0.750000  0.500000
0.219156  0.750000  0.550000
0.250921  0.750000  0.600000
0.078143  0.750000  0.650000
0.195107  0.750000  0.700000
-0.062363  0.750000  0.750000
0.088862  0.750000  0.800000
-0.034332  0.750000  0.850000
-0.035716  0.750000  0.900000
-0.035768  0.750000  0.950000
-0.035662  0.750000  1.000000
-0.035412  0.750000  1.050000

-0.008640  0.800000  0.000000
-0.009875  0.800000  0.050000
-0.012264  0.800000  0.100000
-0.015753  0.800000  0.150000
-0.020594  0.800000  0.200000
-0.025304  0.800000  0.250000
0.047021  0.800000  0.300000
-0.074533  0.800000  0.350000
0.105169  0.800000  0.400000
-0.012183  0.800000  0.450000
0.145199  0.800000  0.500000
0.109875  0.800000  0.550000
0.146139  0.800000  0.600000
-0.010239  0.800000  0.650000
0.107775  0.800000  0.700000
-0.072177  0.800000  0.750000
0.050527  0.800000  0.800000
-0.024053  0.800000  0.850000
-0.020052  0.800000  0.900000
-0.016134  0.800000  0.950000
-0.013720  0.800000  1.000000
-0.012507  0.800000  1.050000

-0.006864  0.850000  0.000000
-0.008031  0.850000  0.050000
-0.010321  0.850000  0.100000
-0.013732  0.850000  0.150000
-0.018451  0.850000  0.200000
-0.022925  0.850000  0.250000
0.021646  0.850000  0.300000
-0.066539  0.850000  0.350000
0.061144  0.850000  0.400000
-0.041170  0.850000  0.450000
0.092562  0.850000  0.500000
0.061534  0.850000  0.550000
0.093279  0.850000  0.600000
-0.039925  0.850000  0.650000
0.062912  0.850000  0.700000
-0.065198  0.850000  0.750000
0.023644  0.850000  0.800000
-0.022490  0.850000  0.850000
-0.018553  0.850000  0.900000
-0.014538  0.850000  0.950000
-0.012002  0.850000  1.000000
-0.010745  0.850000  1.050000

-0.007157  0.900000  0.000000
-0.008108  0.900000  0.050000
-0.009959  0.900000  0.100000
-0.012677  0.900000  0.150000
-0.016318  0.900000  0.200000
-0.019478  0.900000  0.250000
0.008136  0.900000  0.300000
-0.059366  0.900000  0.350000
0.032029  0.900000  0.400000
-0.055174  0.900000  0.450000
0.043124  0.900000  0.500000
0.019283  0.900000  0.550000
0.043588  0.900000  0.600000
-0.054498  0.900000  0.650000
0.033053  0.900000  0.700000
-0.058731  0.900000  0.750000
0.009113  0.900000  0.800000
-0.019565  0.900000  0.850000
-0.016821  0.900000  0.900000
-0.013725  0.900000  0.950000
-0.011703  0.900000  1.000000
-0.010689  0.900000  1.050000

-0.006941  0.950000  0.000000
-0.007674  0.950000  0.050000
-0.009078  0.950000  0.100000
-0.011077  0.950000  0.150000
-0.013605  0.950000  0.200000
-0.015429  0.950000  0.250000
0.002314  0.950000  0.300000
-0.052161  0.950000  0.350000
0.017634  0.950000  0.400000
-0.054884  0.950000  0.450000
0.013612  0.950000  0.500000
-0.003100  0.950000  0.550000
0.013889  0.950000  0.600000
-0.054556  0.950000  0.650000
0.018179  0.950000  0.700000
-0.051908  0.950000  0.750000
0.002733  0.950000  0.800000
-0.015740  0.950000  0.850000
-0.014244  0.950000  0.900000
-0.012141  0.950000  0.950000
-0.010689  0.950000  1.000000
-0.009943  0.950000  1.050000

-0.006431  1.000000  0.000000
-0.007006  1.000000  0.050000
-0.008084  1.000000  0.100000
-0.009558  1.000000  0.150000
-0.011277  1.000000  0.200000
-0.012146  1.000000  0.250000
0.000179  1.000000  0.300000
-0.046484  1.000000  0.350000
0.012078  1.000000  0.400000
-0.049660  1.000000  0.450000
-0.000362  1.000000  0.500000
-0.011865  1.000000  0.550000
-0.000193  1.000000  0.600000
-0.049511  1.000000  0.650000
0.012365  1.000000  0.700000
-0.046410  1.000000  0.750000
0.000330  1.000000  0.800000
-0.012529  1.000000  0.850000
-0.011929  1.000000  0.900000
-0.010557  1.000000  0.950000
-0.009529  1.000000  1.000000
-0.008981  1.000000  1.050000

-0.006063  1.050000  0.000000
-0.006557  1.050000  0.050000
-0.007469  1.050000  0.100000
-0.008674  1.050000  0.150000
-0.009980  1.050000  0.200000
-0.010373  1.050000  0.250000
-0.000454  1.050000  0.300000
-0.043428  1.050000  0.350000
0.010489  1.050000  0.400000
-0.045772  1.050000  0.450000
-0.005557  1.050000  0.500000
-0.014410  1.050000  0.550000
-0.005436  1.050000  0.600000
-0.045696  1.050000  0.650000
0.010666  1.050000  0.700000
-0.043423  1.050000  0.750000
-0.000408  1.050000  0.800000
-0.010771  1.050000  0.850000
-0.010618  1.050000  0.900000
-0.009621  1.050000  0.950000
-0.008811  1.050000  1.000000
-0.008365  1.050000  1.050000

