0.300000 
0.852455  0.000000  0.000000
0.830494  0.000000  0.100000
0.791859  0.000000  0.200000
0.743682  0.000000  0.300000
0.699213  0.000000  0.400000
0.680446  0.000000  0.500000
0.699213  0.000000  0.600000
0.743682  0.000000  0.700000
0.791859  0.000000  0.800000
0.830494  0.000000  0.900000
0.852455  0.000000  1.000000

0.830822  0.100000  0.000000
0.800151  0.100000  0.100000
0.736721  0.100000  0.200000
0.637834  0.100000  0.300000
0.533387  0.100000  0.400000
0.488099  0.100000  0.500000
0.533387  0.100000  0.600000
0.637834  0.100000  0.700000
0.736721  0.100000  0.800000
0.800151  0.100000  0.900000
0.830822  0.100000  1.000000

0.793066  0.200000  0.000000
0.738199  0.200000  0.100000
0.594348  0.200000  0.200000
0.327008  0.200000  0.300000
0.072768  0.200000  0.400000
-0.015500  0.200000  0.500000
0.072768  0.200000  0.600000
0.327008  0.200000  0.700000
0.594348  0.200000  0.800000
0.738199  0.200000  0.900000
0.793066  0.200000  1.000000

0.746720  0.300000  0.000000
0.642666  0.300000  0.100000
0.327676  0.300000  0.200000
-0.109961  0.300000  0.300000
-0.245439  0.300000  0.400000
-0.270992  0.300000  0.500000
-0.245439  0.300000  0.600000
-0.109961  0.300000  0.700000
0.327676  0.300000  0.800000
0.642666  0.300000  0.900000
0.746720  0.300000  1.000000

0.704470  0.400000  0.000000
0.540801  0.400000  0.100000
0.073163  0.400000  0.200000
-0.242570  0.400000  0.300000
-0.299419  0.400000  0.400000
-0.305915  0.400000  0.500000
-0.299419  0.400000  0.600000
-0.242570  0.400000  0.700000
0.073163  0.400000  0.800000
0.540801  0.400000  0.900000
0.704470  0.400000  1.000000

0.686703  0.500000  0.000000
0.495987  0.500000  0.100000
-0.016244  0.500000  0.200000
-0.262665  0.500000  0.300000
-0.304636  0.500000  0.400000
-0.307727  0.500000  0.500000
-0.304636  0.500000  0.600000
-0.262665  0.500000  0.700000
-0.016244  0.500000  0.800000
0.495987  0.500000  0.900000
0.686703  0.500000  1.000000

0.704470  0.600000  0.000000
0.540801  0.600000  0.100000
0.073163  0.600000  0.200000
-0.242570  0.600000  0.300000
-0.299419  0.600000  0.400000
-0.305915  0.600000  0.500000
-0.299419  0.600000  0.600000
-0.242570  0.600000  0.700000
0.073163  0.600000  0.800000
0.540801  0.600000  0.900000
0.704470  0.600000  1.000000

0.746720  0.700000  0.000000
0.642666  0.700000  0.100000
0.327676  0.700000  0.200000
-0.109961  0.700000  0.300000
-0.245439  0.700000  0.400000
-0.270992  0.700000  0.500000
-0.245439  0.700000  0.600000
-0.109961  0.700000  0.700000
0.327676  0.700000  0.800000
0.642666  0.700000  0.900000
0.746720  0.700000  1.000000

0.793066  0.800000  0.000000
0.738199  0.800000  0.100000
0.594348  0.800000  0.200000
0.327008  0.800000  0.300000
0.072768  0.800000  0.400000
-0.015500  0.800000  0.500000
0.072768  0.800000  0.600000
0.327008  0.800000  0.700000
0.594348  0.800000  0.800000
0.738199  0.800000  0.900000
0.793066  0.800000  1.000000

0.830822  0.900000  0.000000
0.800151  0.900000  0.100000
0.736721  0.900000  0.200000
0.637834  0.900000  0.300000
0.533387  0.900000  0.400000
0.488099  0.900000  0.500000
0.533387  0.900000  0.600000
0.637834  0.900000  0.700000
0.736721  0.900000  0.800000
0.800151  0.900000  0.900000
0.830822  0.900000  1.000000

0.852455  1.000000  0.000000
0.830494  1.000000  0.100000
0.791859  1.000000  0.200000
0.743682  1.000000  0.300000
0.699213  1.000000  0.400000
0.680446  1.000000  0.500000
0.699213  1.000000  0.600000
0.743682  1.000000  0.700000
0.791859  1.000000  0.800000
0.830494  1.000000  0.900000
0.852455  1.000000  1.000000

