0.300000 
0.728705  0.000000  0.000000
0.726463  0.000000  0.020000
0.721914  0.000000  0.040000
0.714929  0.000000  0.060000
0.705306  0.000000  0.080000
0.692770  0.000000  0.100000
0.676971  0.000000  0.120000
0.657484  0.000000  0.140000
0.633834  0.000000  0.160000
0.605526  0.000000  0.180000
0.572112  0.000000  0.200000
0.533278  0.000000  0.220000
0.488965  0.000000  0.240000
0.439482  0.000000  0.260000
0.385612  0.000000  0.280000
0.328631  0.000000  0.300000
0.270242  0.000000  0.320000
0.212395  0.000000  0.340000
0.157035  0.000000  0.360000
0.105861  0.000000  0.380000
0.060144  0.000000  0.400000
0.020665  0.000000  0.420000
-0.012249  0.000000  0.440000
-0.038612  0.000000  0.460000
-0.058647  0.000000  0.480000
-0.072659  0.000000  0.500000
-0.080934  0.000000  0.520000
-0.083669  0.000000  0.540000
-0.080934  0.000000  0.560000
-0.072659  0.000000  0.580000
-0.058647  0.000000  0.600000
-0.038612  0.000000  0.620000
-0.012249  0.000000  0.640000
0.020665  0.000000  0.660000
0.060144  0.000000  0.680000
0.105861  0.000000  0.700000
0.157035  0.000000  0.720000
0.212395  0.000000  0.740000
0.270242  0.000000  0.760000
0.328631  0.000000  0.780000
0.385612  0.000000  0.800000
0.439482  0.000000  0.820000
0.488965  0.000000  0.840000
0.533278  0.000000  0.860000
0.572112  0.000000  0.880000
0.605526  0.000000  0.900000
0.633834  0.000000  0.920000
0.657484  0.000000  0.940000
0.676971  0.000000  0.960000
0.692770  0.000000  0.980000
0.705306  0.000000  1.000000
0.714929  0.000000  1.020000
0.721914  0.000000  1.040000
0.726463  0.000000  1.060000
0.728705  0.000000  1.080000

0.726463  0.020000  0.000000
0.724121  0.020000  0.020000
0.719366  0.020000  0.040000
0.712054  0.020000  0.060000
0.701966  0.020000  0.080000
0.688803  0.020000  0.100000
0.672187  0.020000  0.120000
0.651674  0.020000  0.140000
0.626773  0.020000  0.160000
0.596996  0.020000  0.180000
0.561927  0.020000  0.200000
0.521321  0.020000  0.220000
0.475226  0.020000  0.240000
0.424092  0.020000  0.260000
0.368855  0.020000  0.280000
0.310926  0.020000  0.300000
0.252096  0.020000  0.320000
0.194328  0.020000  0.340000
0.139511  0.020000  0.360000
0.089224  0.020000  0.380000
0.044600  0.020000  0.400000
0.006278  0.020000  0.420000
-0.025527  0.020000  0.440000
-0.050912  0.020000  0.460000
-0.070155  0.020000  0.480000
-0.083588  0.020000  0.500000
-0.091512  0.020000  0.520000
-0.094130  0.020000  0.540000
-0.091512  0.020000  0.560000
-0.083588  0.020000  0.580000
-0.070155  0.020000  0.600000
-0.050912  0.020000  0.620000
-0.025527  0.020000  0.640000
0.006278  0.020000  0.660000
0.044600  0.020000  0.680000
0.089224  0.020000  0.700000
0.139511  0.020000  0.720000
0.194328  0.020000  0.740000
0.252096  0.020000  0.760000
0.310926  0.020000  0.780000
0.368855  0.020000  0.800000
0.424092  0.020000  0.820000
0.475226  0.020000  0.840000
0.521321  0.020000  0.860000
0.561927  0.020000  0.880000
0.596996  0.020000  0.900000
0.626773  0.020000  0.920000
0.651674  0.020000  0.940000
0.672187  0.020000  0.960000
0.688803  0.020000  0.980000
0.701966  0.020000  1.000000
0.712054  0.020000  1.020000
0.719366  0.020000  1.040000
0.724121  0.020000  1.060000
0.726463  0.020000  1.080000

0.721915  0.040000  0.000000
0.719366  0.040000  0.020000
0.714185  0.040000  0.040000
0.706200  0.040000  0.060000
0.695154  0.040000  0.080000
0.680701  0.040000  0.100000
0.662416  0.040000  0.120000
0.639817  0.040000  0.140000
0.612396  0.040000  0.160000
0.579688  0.040000  0.180000
0.541363  0.040000  0.200000
0.497332  0.040000  0.220000
0.447875  0.040000  0.240000
0.393726  0.040000  0.260000
0.336108  0.040000  0.280000
0.276674  0.040000  0.300000
0.217339  0.040000  0.320000
0.160050  0.040000  0.340000
0.106542  0.040000  0.360000
0.058154  0.040000  0.380000
0.015742  0.040000  0.400000
-0.020305  0.040000  0.420000
-0.049974  0.040000  0.440000
-0.073504  0.040000  0.460000
-0.091255  0.040000  0.480000
-0.103605  0.040000  0.500000
-0.110875  0.040000  0.520000
-0.113274  0.040000  0.540000
-0.110875  0.040000  0.560000
-0.103605  0.040000  0.580000
-0.091255  0.040000  0.600000
-0.073504  0.040000  0.620000
-0.049974  0.040000  0.640000
-0.020305  0.040000  0.660000
0.015742  0.040000  0.680000
0.058154  0.040000  0.700000
0.106542  0.040000  0.720000
0.160050  0.040000  0.740000
0.217339  0.040000  0.760000
0.276674  0.040000  0.780000
0.336108  0.040000  0.800000
0.393726  0.040000  0.820000
0.447875  0.040000  0.840000
0.497332  0.040000  0.860000
0.541363  0.040000  0.880000
0.579688  0.040000  0.900000
0.612396  0.040000  0.920000
0.639817  0.040000  0.940000
0.662416  0.040000  0.960000
0.680701  0.040000  0.980000
0.695154  0.040000  1.000000
0.706200  0.040000  1.020000
0.714185  0.040000  1.040000
0.719366  0.040000  1.060000
0.721915  0.040000  1.080000

0.714930  0.060000  0.000000
0.712055  0.060000  0.020000
0.706201  0.060000  0.040000
0.697156  0.060000  0.060000
0.684605  0.060000  0.080000
0.668139  0.060000  0.100000
0.647270  0.060000  0.120000
0.621473  0.060000  0.140000
0.590244  0.060000  0.160000
0.553192  0.060000  0.180000
0.510156  0.060000  0.200000
0.461330  0.060000  0.220000
0.407362  0.060000  0.240000
0.349407  0.060000  0.260000
0.289073  0.060000  0.280000
0.228274  0.060000  0.300000
0.169003  0.060000  0.320000
0.113081  0.060000  0.340000
0.061960  0.060000  0.360000
0.016607  0.060000  0.380000
-0.022496  0.060000  0.400000
-0.055281  0.060000  0.420000
-0.081974  0.060000  0.440000
-0.102964  0.060000  0.460000
-0.118701  0.060000  0.480000
-0.129602  0.060000  0.500000
-0.136001  0.060000  0.520000
-0.138110  0.060000  0.540000
-0.136001  0.060000  0.560000
-0.129602  0.060000  0.580000
-0.118701  0.060000  0.600000
-0.102964  0.060000  0.620000
-0.081974  0.060000  0.640000
-0.055281  0.060000  0.660000
-0.022496  0.060000  0.680000
0.016607  0.060000  0.700000
0.061960  0.060000  0.720000
0.113081  0.060000  0.740000
0.169003  0.060000  0.760000
0.228274  0.060000  0.780000
0.289073  0.060000  0.800000
0.349407  0.060000  0.820000
0.407362  0.060000  0.840000
0.461330  0.060000  0.860000
0.510156  0.060000  0.880000
0.553192  0.060000  0.900000
0.590244  0.060000  0.920000
0.621473  0.060000  0.940000
0.647270  0.060000  0.960000
0.668139  0.060000  0.980000
0.684605  0.060000  1.000000
0.697156  0.060000  1.020000
0.706201  0.060000  1.040000
0.712055  0.060000  1.060000
0.714930  0.060000  1.080000

0.705308  0.080000  0.000000
0.701969  0.080000  0.020000
0.695156  0.080000  0.040000
0.684606  0.080000  0.060000
0.669934  0.080000  0.080000
0.650654  0.080000  0.100000
0.626216  0.080000  0.120000
0.596074  0.080000  0.140000
0.559780  0.080000  0.160000
0.517115  0.080000  0.180000
0.468220  0.080000  0.200000
0.413722  0.080000  0.220000
0.354785  0.080000  0.240000
0.293067  0.080000  0.260000
0.230563  0.080000  0.280000
0.169362  0.080000  0.300000
0.111380  0.080000  0.320000
0.058142  0.080000  0.340000
0.010670  0.080000  0.360000
-0.030534  0.080000  0.380000
-0.065405  0.080000  0.400000
-0.094199  0.080000  0.420000
-0.117358  0.080000  0.440000
-0.135400  0.080000  0.460000
-0.148831  0.080000  0.480000
-0.158090  0.080000  0.500000
-0.163509  0.080000  0.520000
-0.165292  0.080000  0.540000
-0.163509  0.080000  0.560000
-0.158090  0.080000  0.580000
-0.148831  0.080000  0.600000
-0.135400  0.080000  0.620000
-0.117358  0.080000  0.640000
-0.094199  0.080000  0.660000
-0.065405  0.080000  0.680000
-0.030534  0.080000  0.700000
0.010670  0.080000  0.720000
0.058142  0.080000  0.740000
0.111380  0.080000  0.760000
0.169362  0.080000  0.780000
0.230563  0.080000  0.800000
0.293067  0.080000  0.820000
0.354785  0.080000  0.840000
0.413722  0.080000  0.860000
0.468220  0.080000  0.880000
0.517115  0.080000  0.900000
0.559780  0.080000  0.920000
0.596074  0.080000  0.940000
0.626216  0.080000  0.960000
0.650654  0.080000  0.980000
0.669934  0.080000  1.000000
0.684606  0.080000  1.020000
0.695156  0.080000  1.040000
0.701969  0.080000  1.060000
0.705308  0.080000  1.080000

0.692775  0.100000  0.000000
0.688807  0.100000  0.020000
0.680704  0.100000  0.040000
0.668142  0.100000  0.060000
0.650656  0.100000  0.080000
0.627688  0.100000  0.100000
0.598651  0.100000  0.120000
0.563040  0.100000  0.140000
0.520570  0.100000  0.160000
0.471337  0.100000  0.180000
0.415961  0.100000  0.200000
0.355657  0.100000  0.220000
0.292192  0.100000  0.240000
0.227715  0.100000  0.260000
0.164473  0.100000  0.280000
0.104520  0.100000  0.300000
0.049470  0.100000  0.320000
0.000374  0.100000  0.340000
-0.042278  0.100000  0.360000
-0.078471  0.100000  0.380000
-0.108526  0.100000  0.400000
-0.132960  0.100000  0.420000
-0.152372  0.100000  0.440000
-0.167351  0.100000  0.460000
-0.178425  0.100000  0.480000
-0.186021  0.100000  0.500000
-0.190452  0.100000  0.520000
-0.191908  0.100000  0.540000
-0.190452  0.100000  0.560000
-0.186021  0.100000  0.580000
-0.178425  0.100000  0.600000
-0.167351  0.100000  0.620000
-0.152372  0.100000  0.640000
-0.132960  0.100000  0.660000
-0.108526  0.100000  0.680000
-0.078471  0.100000  0.700000
-0.042278  0.100000  0.720000
0.000374  0.100000  0.740000
0.049470  0.100000  0.760000
0.104520  0.100000  0.780000
0.164473  0.100000  0.800000
0.227715  0.100000  0.820000
0.292192  0.100000  0.840000
0.355657  0.100000  0.860000
0.415961  0.100000  0.880000
0.471337  0.100000  0.900000
0.520570  0.100000  0.920000
0.563040  0.100000  0.940000
0.598651  0.100000  0.960000
0.627688  0.100000  0.980000
0.650656  0.100000  1.000000
0.668142  0.100000  1.020000
0.680704  0.100000  1.040000
0.688807  0.100000  1.060000
0.692775  0.100000  1.080000

0.676977  0.120000  0.000000
0.672193  0.120000  0.020000
0.662423  0.120000  0.040000
0.647276  0.120000  0.060000
0.626220  0.120000  0.080000
0.598654  0.120000  0.100000
0.564018  0.120000  0.120000
0.521962  0.120000  0.140000
0.472525  0.120000  0.160000
0.416310  0.120000  0.180000
0.354589  0.120000  0.200000
0.289266  0.120000  0.220000
0.222683  0.120000  0.240000
0.157306  0.120000  0.260000
0.095374  0.120000  0.280000
0.038624  0.120000  0.300000
-0.011849  0.120000  0.320000
-0.055576  0.120000  0.340000
-0.092611  0.120000  0.360000
-0.123361  0.120000  0.380000
-0.148437  0.120000  0.400000
-0.168526  0.120000  0.420000
-0.184300  0.120000  0.440000
-0.196364  0.120000  0.460000
-0.205222  0.120000  0.480000
-0.211270  0.120000  0.500000
-0.214787  0.120000  0.520000
-0.215941  0.120000  0.540000
-0.214787  0.120000  0.560000
-0.211270  0.120000  0.580000
-0.205222  0.120000  0.600000
-0.196364  0.120000  0.620000
-0.184300  0.120000  0.640000
-0.168526  0.120000  0.660000
-0.148437  0.120000  0.680000
-0.123361  0.120000  0.700000
-0.092611  0.120000  0.720000
-0.055576  0.120000  0.740000
-0.011849  0.120000  0.760000
0.038624  0.120000  0.780000
0.095374  0.120000  0.800000
0.157306  0.120000  0.820000
0.222683  0.120000  0.840000
0.289266  0.120000  0.860000
0.354589  0.120000  0.880000
0.416310  0.120000  0.900000
0.472525  0.120000  0.920000
0.521962  0.120000  0.940000
0.564018  0.120000  0.960000
0.598654  0.120000  0.980000
0.626220  0.120000  1.000000
0.647276  0.120000  1.020000
0.662423  0.120000  1.040000
0.672193  0.120000  1.060000
0.676977  0.120000  1.080000

0.657494  0.140000  0.000000
0.651683  0.140000  0.020000
0.639826  0.140000  0.040000
0.621482  0.140000  0.060000
0.596081  0.140000  0.080000
0.563046  0.140000  0.100000
0.521966  0.140000  0.120000
0.472813  0.140000  0.140000
0.416157  0.140000  0.160000
0.353304  0.140000  0.180000
0.286287  0.140000  0.200000
0.217663  0.140000  0.220000
0.150150  0.140000  0.240000
0.086225  0.140000  0.260000
0.027790  0.140000  0.280000
-0.023982  0.140000  0.300000
-0.068632  0.140000  0.320000
-0.106275  0.140000  0.340000
-0.137414  0.140000  0.360000
-0.162760  0.140000  0.380000
-0.183092  0.140000  0.400000
-0.199164  0.140000  0.420000
-0.211651  0.140000  0.440000
-0.221122  0.140000  0.460000
-0.228034  0.140000  0.480000
-0.232732  0.140000  0.500000
-0.235457  0.140000  0.520000
-0.236350  0.140000  0.540000
-0.235457  0.140000  0.560000
-0.232732  0.140000  0.580000
-0.228034  0.140000  0.600000
-0.221122  0.140000  0.620000
-0.211651  0.140000  0.640000
-0.199164  0.140000  0.660000
-0.183092  0.140000  0.680000
-0.162760  0.140000  0.700000
-0.137414  0.140000  0.720000
-0.106275  0.140000  0.740000
-0.068632  0.140000  0.760000
-0.023982  0.140000  0.780000
0.027790  0.140000  0.800000
0.086225  0.140000  0.820000
0.150150  0.140000  0.840000
0.217663  0.140000  0.860000
0.286287  0.140000  0.880000
0.353304  0.140000  0.900000
0.416157  0.140000  0.920000
0.472813  0.140000  0.940000
0.521966  0.140000  0.960000
0.563046  0.140000  0.980000
0.596081  0.140000  1.000000
0.621482  0.140000  1.020000
0.639826  0.140000  1.040000
0.651683  0.140000  1.060000
0.657494  0.140000  1.080000

0.633848  0.160000  0.000000
0.626787  0.160000  0.020000
0.612409  0.160000  0.040000
0.590257  0.160000  0.060000
0.559792  0.160000  0.080000
0.520580  0.160000  0.100000
0.472532  0.160000  0.120000
0.416161  0.160000  0.140000
0.352774  0.160000  0.160000
0.284504  0.160000  0.180000
0.214110  0.160000  0.200000
0.144589  0.160000  0.220000
0.078692  0.160000  0.240000
0.018542  0.160000  0.260000
-0.034566  0.160000  0.280000
-0.080146  0.160000  0.300000
-0.118358  0.160000  0.320000
-0.149791  0.160000  0.340000
-0.175254  0.160000  0.360000
-0.195618  0.160000  0.380000
-0.211719  0.160000  0.400000
-0.224296  0.160000  0.420000
-0.233976  0.160000  0.440000
-0.241264  0.160000  0.460000
-0.246553  0.160000  0.480000
-0.250133  0.160000  0.500000
-0.252204  0.160000  0.520000
-0.252881  0.160000  0.540000
-0.252204  0.160000  0.560000
-0.250133  0.160000  0.580000
-0.246553  0.160000  0.600000
-0.241264  0.160000  0.620000
-0.233976  0.160000  0.640000
-0.224296  0.160000  0.660000
-0.211719  0.160000  0.680000
-0.195618  0.160000  0.700000
-0.175254  0.160000  0.720000
-0.149791  0.160000  0.740000
-0.118358  0.160000  0.760000
-0.080146  0.160000  0.780000
-0.034566  0.160000  0.800000
0.018542  0.160000  0.820000
0.078692  0.160000  0.840000
0.144589  0.160000  0.860000
0.214110  0.160000  0.880000
0.284504  0.160000  0.900000
0.352774  0.160000  0.920000
0.416161  0.160000  0.940000
0.472532  0.160000  0.960000
0.520580  0.160000  0.980000
0.559792  0.160000  1.000000
0.590257  0.160000  1.020000
0.612409  0.160000  1.040000
0.626787  0.160000  1.060000
0.633848  0.160000  1.080000

0.605545  0.180000  0.000000
0.597016  0.180000  0.020000
0.579707  0.180000  0.040000
0.553211  0.180000  0.060000
0.517132  0.180000  0.080000
0.471353  0.180000  0.100000
0.416323  0.180000  0.120000
0.353313  0.180000  0.140000
0.284508  0.180000  0.160000
0.212842  0.180000  0.180000
0.141585  0.180000  0.200000
0.073805  0.180000  0.220000
0.011899  0.180000  0.240000
-0.042651  0.180000  0.260000
-0.089284  0.180000  0.280000
-0.128170  0.180000  0.300000
-0.159961  0.180000  0.320000
-0.185556  0.180000  0.340000
-0.205915  0.180000  0.360000
-0.221951  0.180000  0.380000
-0.234471  0.180000  0.400000
-0.244150  0.180000  0.420000
-0.251538  0.180000  0.440000
-0.257063  0.180000  0.460000
-0.261052  0.180000  0.480000
-0.263742  0.180000  0.500000
-0.265294  0.180000  0.520000
-0.265802  0.180000  0.540000
-0.265294  0.180000  0.560000
-0.263742  0.180000  0.580000
-0.261052  0.180000  0.600000
-0.257063  0.180000  0.620000
-0.251538  0.180000  0.640000
-0.244150  0.180000  0.660000
-0.234471  0.180000  0.680000
-0.221951  0.180000  0.700000
-0.205915  0.180000  0.720000
-0.185556  0.180000  0.740000
-0.159961  0.180000  0.760000
-0.128170  0.180000  0.780000
-0.089284  0.180000  0.800000
-0.042651  0.180000  0.820000
0.011899  0.180000  0.840000
0.073805  0.180000  0.860000
0.141585  0.180000  0.880000
0.212842  0.180000  0.900000
0.284508  0.180000  0.920000
0.353313  0.180000  0.940000
0.416323  0.180000  0.960000
0.471353  0.180000  0.980000
0.517132  0.180000  1.000000
0.553211  0.180000  1.020000
0.579707  0.180000  1.040000
0.597016  0.180000  1.060000
0.605545  0.180000  1.080000

0.572138  0.200000  0.000000
0.561953  0.200000  0.020000
0.541389  0.200000  0.040000
0.510182  0.200000  0.060000
0.468244  0.200000  0.080000
0.415982  0.200000  0.100000
0.354607  0.200000  0.120000
0.286301  0.200000  0.140000
0.214120  0.200000  0.160000
0.141590  0.200000  0.180000
0.072120  0.200000  0.200000
0.008449  0.200000  0.220000
-0.047684  0.200000  0.240000
-0.095568  0.200000  0.260000
-0.135333  0.200000  0.280000
-0.167664  0.200000  0.300000
-0.193528  0.200000  0.320000
-0.213969  0.200000  0.340000
-0.229977  0.200000  0.360000
-0.242422  0.200000  0.380000
-0.252033  0.200000  0.400000
-0.259397  0.200000  0.420000
-0.264976  0.200000  0.440000
-0.269123  0.200000  0.460000
-0.272103  0.200000  0.480000
-0.274105  0.200000  0.500000
-0.275258  0.200000  0.520000
-0.275634  0.200000  0.540000
-0.275258  0.200000  0.560000
-0.274105  0.200000  0.580000
-0.272103  0.200000  0.600000
-0.269123  0.200000  0.620000
-0.264976  0.200000  0.640000
-0.259397  0.200000  0.660000
-0.252033  0.200000  0.680000
-0.242422  0.200000  0.700000
-0.229977  0.200000  0.720000
-0.213969  0.200000  0.740000
-0.193528  0.200000  0.760000
-0.167664  0.200000  0.780000
-0.135333  0.200000  0.800000
-0.095568  0.200000  0.820000
-0.047684  0.200000  0.840000
0.008449  0.200000  0.860000
0.072120  0.200000  0.880000
0.141590  0.200000  0.900000
0.214120  0.200000  0.920000
0.286301  0.200000  0.940000
0.354607  0.200000  0.960000
0.415982  0.200000  0.980000
0.468244  0.200000  1.000000
0.510182  0.200000  1.020000
0.541389  0.200000  1.040000
0.561953  0.200000  1.060000
0.572138  0.200000  1.080000

0.533313  0.220000  0.000000
0.521356  0.220000  0.020000
0.497367  0.220000  0.040000
0.461363  0.220000  0.060000
0.413753  0.220000  0.080000
0.355684  0.220000  0.100000
0.289289  0.220000  0.120000
0.217681  0.220000  0.140000
0.144602  0.220000  0.160000
0.073813  0.220000  0.180000
0.008453  0.220000  0.200000
-0.049387  0.220000  0.220000
-0.098757  0.220000  0.240000
-0.139674  0.220000  0.260000
-0.172805  0.220000  0.280000
-0.199163  0.220000  0.300000
-0.219863  0.220000  0.320000
-0.235968  0.220000  0.340000
-0.248414  0.220000  0.360000
-0.257983  0.220000  0.380000
-0.265304  0.220000  0.400000
-0.270869  0.220000  0.420000
-0.275058  0.220000  0.440000
-0.278155  0.220000  0.460000
-0.280370  0.220000  0.480000
-0.281853  0.220000  0.500000
-0.282705  0.220000  0.520000
-0.282982  0.220000  0.540000
-0.282705  0.220000  0.560000
-0.281853  0.220000  0.580000
-0.280370  0.220000  0.600000
-0.278155  0.220000  0.620000
-0.275058  0.220000  0.640000
-0.270869  0.220000  0.660000
-0.265304  0.220000  0.680000
-0.257983  0.220000  0.700000
-0.248414  0.220000  0.720000
-0.235968  0.220000  0.740000
-0.219863  0.220000  0.760000
-0.199163  0.220000  0.780000
-0.172805  0.220000  0.800000
-0.139674  0.220000  0.820000
-0.098757  0.220000  0.840000
-0.049387  0.220000  0.860000
0.008453  0.220000  0.880000
0.073813  0.220000  0.900000
0.144602  0.220000  0.920000
0.217681  0.220000  0.940000
0.289289  0.220000  0.960000
0.355684  0.220000  0.980000
0.413753  0.220000  1.000000
0.461363  0.220000  1.020000
0.497367  0.220000  1.040000
0.521356  0.220000  1.060000
0.533313  0.220000  1.080000

0.489010  0.240000  0.000000
0.475271  0.240000  0.020000
0.447919  0.240000  0.040000
0.407404  0.240000  0.060000
0.354823  0.240000  0.080000
0.292226  0.240000  0.100000
0.222711  0.240000  0.120000
0.150173  0.240000  0.140000
0.078709  0.240000  0.160000
0.011912  0.240000  0.180000
-0.047676  0.240000  0.200000
-0.098754  0.240000  0.220000
-0.141124  0.240000  0.240000
-0.175371  0.240000  0.260000
-0.202511  0.240000  0.280000
-0.223709  0.240000  0.300000
-0.240099  0.240000  0.320000
-0.252684  0.240000  0.340000
-0.262302  0.240000  0.360000
-0.269627  0.240000  0.380000
-0.275188  0.240000  0.400000
-0.279387  0.240000  0.420000
-0.282529  0.240000  0.440000
-0.284841  0.240000  0.460000
-0.286487  0.240000  0.480000
-0.287585  0.240000  0.500000
-0.288214  0.240000  0.520000
-0.288418  0.240000  0.540000
-0.288214  0.240000  0.560000
-0.287585  0.240000  0.580000
-0.286487  0.240000  0.600000
-0.284841  0.240000  0.620000
-0.282529  0.240000  0.640000
-0.279387  0.240000  0.660000
-0.275188  0.240000  0.680000
-0.269627  0.240000  0.700000
-0.262302  0.240000  0.720000
-0.252684  0.240000  0.740000
-0.240099  0.240000  0.760000
-0.223709  0.240000  0.780000
-0.202511  0.240000  0.800000
-0.175371  0.240000  0.820000
-0.141124  0.240000  0.840000
-0.098754  0.240000  0.860000
-0.047676  0.240000  0.880000
0.011912  0.240000  0.900000
0.078709  0.240000  0.920000
0.150173  0.240000  0.940000
0.222711  0.240000  0.960000
0.292226  0.240000  0.980000
0.354823  0.240000  1.000000
0.407404  0.240000  1.020000
0.447919  0.240000  1.040000
0.475271  0.240000  1.060000
0.489010  0.240000  1.080000

0.439539  0.260000  0.000000
0.424148  0.260000  0.020000
0.393779  0.260000  0.040000
0.349457  0.260000  0.060000
0.293112  0.260000  0.080000
0.227754  0.260000  0.100000
0.157339  0.260000  0.120000
0.086252  0.260000  0.140000
0.018563  0.260000  0.160000
-0.042636  0.260000  0.180000
-0.095558  0.260000  0.200000
-0.139667  0.260000  0.220000
-0.175368  0.260000  0.240000
-0.203618  0.260000  0.260000
-0.225604  0.260000  0.280000
-0.242515  0.260000  0.300000
-0.255421  0.260000  0.320000
-0.265223  0.260000  0.340000
-0.272646  0.260000  0.360000
-0.278257  0.260000  0.380000
-0.282490  0.260000  0.400000
-0.285670  0.260000  0.420000
-0.288039  0.260000  0.440000
-0.289774  0.260000  0.460000
-0.291003  0.260000  0.480000
-0.291819  0.260000  0.500000
-0.292283  0.260000  0.520000
-0.292434  0.260000  0.540000
-0.292283  0.260000  0.560000
-0.291819  0.260000  0.580000
-0.291003  0.260000  0.600000
-0.289774  0.260000  0.620000
-0.288039  0.260000  0.640000
-0.285670  0.260000  0.660000
-0.282490  0.260000  0.680000
-0.278257  0.260000  0.700000
-0.272646  0.260000  0.720000
-0.265223  0.260000  0.740000
-0.255421  0.260000  0.760000
-0.242515  0.260000  0.780000
-0.225604  0.260000  0.800000
-0.203618  0.260000  0.820000
-0.175368  0.260000  0.840000
-0.139667  0.260000  0.860000
-0.095558  0.260000  0.880000
-0.042636  0.260000  0.900000
0.018563  0.260000  0.920000
0.086252  0.260000  0.940000
0.157339  0.260000  0.960000
0.227754  0.260000  0.980000
0.293112  0.260000  1.000000
0.349457  0.260000  1.020000
0.393779  0.260000  1.040000
0.424148  0.260000  1.060000
0.439539  0.260000  1.080000

0.385680  0.280000  0.000000
0.368921  0.280000  0.020000
0.336171  0.280000  0.040000
0.289131  0.280000  0.060000
0.230615  0.280000  0.080000
0.164517  0.280000  0.100000
0.095411  0.280000  0.120000
0.027820  0.280000  0.140000
-0.034542  0.280000  0.160000
-0.089266  0.280000  0.180000
-0.135320  0.280000  0.200000
-0.172797  0.280000  0.220000
-0.202506  0.280000  0.240000
-0.225602  0.280000  0.260000
-0.243309  0.280000  0.280000
-0.256756  0.280000  0.300000
-0.266910  0.280000  0.320000
-0.274555  0.280000  0.340000
-0.280304  0.280000  0.360000
-0.284627  0.280000  0.380000
-0.287875  0.280000  0.400000
-0.290308  0.280000  0.420000
-0.292114  0.280000  0.440000
-0.293432  0.280000  0.460000
-0.294359  0.280000  0.480000
-0.294968  0.280000  0.500000
-0.295312  0.280000  0.520000
-0.295423  0.280000  0.540000
-0.295312  0.280000  0.560000
-0.294968  0.280000  0.580000
-0.294359  0.280000  0.600000
-0.293432  0.280000  0.620000
-0.292114  0.280000  0.640000
-0.290308  0.280000  0.660000
-0.287875  0.280000  0.680000
-0.284627  0.280000  0.700000
-0.280304  0.280000  0.720000
-0.274555  0.280000  0.740000
-0.266910  0.280000  0.760000
-0.256756  0.280000  0.780000
-0.243309  0.280000  0.800000
-0.225602  0.280000  0.820000
-0.202506  0.280000  0.840000
-0.172797  0.280000  0.860000
-0.135320  0.280000  0.880000
-0.089266  0.280000  0.900000
-0.034542  0.280000  0.920000
0.027820  0.280000  0.940000
0.095411  0.280000  0.960000
0.164517  0.280000  0.980000
0.230615  0.280000  1.000000
0.289131  0.280000  1.020000
0.336171  0.280000  1.040000
0.368921  0.280000  1.060000
0.385680  0.280000  1.080000

0.328709  0.300000  0.000000
0.311002  0.300000  0.020000
0.276745  0.300000  0.040000
0.228339  0.300000  0.060000
0.169419  0.300000  0.080000
0.104569  0.300000  0.100000
0.038664  0.300000  0.120000
-0.023949  0.300000  0.140000
-0.080119  0.300000  0.160000
-0.128150  0.300000  0.180000
-0.167649  0.300000  0.200000
-0.199154  0.300000  0.220000
-0.223703  0.300000  0.240000
-0.242512  0.300000  0.260000
-0.256755  0.300000  0.280000
-0.267462  0.300000  0.300000
-0.275479  0.300000  0.320000
-0.281478  0.300000  0.340000
-0.285969  0.300000  0.360000
-0.289337  0.300000  0.380000
-0.291865  0.300000  0.400000
-0.293758  0.300000  0.420000
-0.295160  0.300000  0.440000
-0.296179  0.300000  0.460000
-0.296886  0.300000  0.480000
-0.297342  0.300000  0.500000
-0.297595  0.300000  0.520000
-0.297676  0.300000  0.540000
-0.297595  0.300000  0.560000
-0.297342  0.300000  0.580000
-0.296886  0.300000  0.600000
-0.296179  0.300000  0.620000
-0.295160  0.300000  0.640000
-0.293758  0.300000  0.660000
-0.291865  0.300000  0.680000
-0.289337  0.300000  0.700000
-0.285969  0.300000  0.720000
-0.281478  0.300000  0.740000
-0.275479  0.300000  0.760000
-0.267462  0.300000  0.780000
-0.256755  0.300000  0.800000
-0.242512  0.300000  0.820000
-0.223703  0.300000  0.840000
-0.199154  0.300000  0.860000
-0.167649  0.300000  0.880000
-0.128150  0.300000  0.900000
-0.080119  0.300000  0.920000
-0.023949  0.300000  0.940000
0.038664  0.300000  0.960000
0.104569  0.300000  0.980000
0.169419  0.300000  1.000000
0.228339  0.300000  1.020000
0.276745  0.300000  1.040000
0.311002  0.300000  1.060000
0.328709  0.300000  1.080000

0.270329  0.320000  0.000000
0.252179  0.320000  0.020000
0.217417  0.320000  0.040000
0.169072  0.320000  0.060000
0.111440  0.320000  0.080000
0.049521  0.320000  0.100000
-0.011806  0.320000  0.120000
-0.068597  0.320000  0.140000
-0.118331  0.320000  0.160000
-0.159940  0.320000  0.180000
-0.193513  0.320000  0.200000
-0.219852  0.320000  0.220000
-0.240092  0.320000  0.240000
-0.255417  0.320000  0.260000
-0.266908  0.320000  0.280000
-0.275479  0.320000  0.300000
-0.281859  0.320000  0.320000
-0.286616  0.320000  0.340000
-0.290173  0.320000  0.360000
-0.292843  0.320000  0.380000
-0.294851  0.320000  0.400000
-0.296356  0.320000  0.420000
-0.297467  0.320000  0.440000
-0.298270  0.320000  0.460000
-0.298810  0.320000  0.480000
-0.299144  0.320000  0.500000
-0.299322  0.320000  0.520000
-0.299378  0.320000  0.540000
-0.299322  0.320000  0.560000
-0.299144  0.320000  0.580000
-0.298810  0.320000  0.600000
-0.298270  0.320000  0.620000
-0.297467  0.320000  0.640000
-0.296356  0.320000  0.660000
-0.294851  0.320000  0.680000
-0.292843  0.320000  0.700000
-0.290173  0.320000  0.720000
-0.286616  0.320000  0.740000
-0.281859  0.320000  0.760000
-0.275479  0.320000  0.780000
-0.266908  0.320000  0.800000
-0.255417  0.320000  0.820000
-0.240092  0.320000  0.840000
-0.219852  0.320000  0.860000
-0.193513  0.320000  0.880000
-0.159940  0.320000  0.900000
-0.118331  0.320000  0.920000
-0.068597  0.320000  0.940000
-0.011806  0.320000  0.960000
0.049521  0.320000  0.980000
0.111440  0.320000  1.000000
0.169072  0.320000  1.020000
0.217417  0.320000  1.040000
0.252179  0.320000  1.060000
0.270329  0.320000  1.080000

0.212487  0.340000  0.000000
0.194417  0.340000  0.020000
0.160131  0.340000  0.040000
0.113153  0.340000  0.060000
0.058205  0.340000  0.080000
0.000427  0.340000  0.100000
-0.055532  0.340000  0.120000
-0.106239  0.340000  0.140000
-0.149763  0.340000  0.160000
-0.185535  0.340000  0.180000
-0.213953  0.340000  0.200000
-0.235957  0.340000  0.220000
-0.252676  0.340000  0.240000
-0.265218  0.340000  0.260000
-0.274552  0.340000  0.280000
-0.281476  0.340000  0.300000
-0.286615  0.340000  0.320000
-0.290444  0.340000  0.340000
-0.293314  0.340000  0.360000
-0.295477  0.340000  0.380000
-0.297109  0.340000  0.400000
-0.298328  0.340000  0.420000
-0.299210  0.340000  0.440000
-0.299833  0.340000  0.460000
-0.300224  0.340000  0.480000
-0.300447  0.340000  0.500000
-0.300556  0.340000  0.520000
-0.300589  0.340000  0.540000
-0.300556  0.340000  0.560000
-0.300447  0.340000  0.580000
-0.300224  0.340000  0.600000
-0.299833  0.340000  0.620000
-0.299210  0.340000  0.640000
-0.298328  0.340000  0.660000
-0.297109  0.340000  0.680000
-0.295477  0.340000  0.700000
-0.293314  0.340000  0.720000
-0.290444  0.340000  0.740000
-0.286615  0.340000  0.760000
-0.281476  0.340000  0.780000
-0.274552  0.340000  0.800000
-0.265218  0.340000  0.820000
-0.252676  0.340000  0.840000
-0.235957  0.340000  0.860000
-0.213953  0.340000  0.880000
-0.185535  0.340000  0.900000
-0.149763  0.340000  0.920000
-0.106239  0.340000  0.940000
-0.055532  0.340000  0.960000
0.000427  0.340000  0.980000
0.058205  0.340000  1.000000
0.113153  0.340000  1.020000
0.160131  0.340000  1.040000
0.194417  0.340000  1.060000
0.212487  0.340000  1.080000

0.157129  0.360000  0.000000
0.139600  0.360000  0.020000
0.106624  0.360000  0.040000
0.062033  0.360000  0.060000
0.010734  0.360000  0.080000
-0.042224  0.360000  0.100000
-0.092566  0.360000  0.120000
-0.137378  0.360000  0.140000
-0.175226  0.360000  0.160000
-0.205893  0.360000  0.180000
-0.229961  0.360000  0.200000
-0.248403  0.360000  0.220000
-0.262294  0.360000  0.240000
-0.272641  0.360000  0.260000
-0.280301  0.360000  0.280000
-0.285967  0.360000  0.300000
-0.290171  0.360000  0.320000
-0.293313  0.360000  0.340000
-0.295680  0.360000  0.360000
-0.297470  0.360000  0.380000
-0.298814  0.360000  0.400000
-0.299792  0.360000  0.420000
-0.300445  0.360000  0.440000
-0.300855  0.360000  0.460000
-0.301080  0.360000  0.480000
-0.301186  0.360000  0.500000
-0.301226  0.360000  0.520000
-0.301236  0.360000  0.540000
-0.301226  0.360000  0.560000
-0.301186  0.360000  0.580000
-0.301080  0.360000  0.600000
-0.300855  0.360000  0.620000
-0.300445  0.360000  0.640000
-0.299792  0.360000  0.660000
-0.298814  0.360000  0.680000
-0.297470  0.360000  0.700000
-0.295680  0.360000  0.720000
-0.293313  0.360000  0.740000
-0.290171  0.360000  0.760000
-0.285967  0.360000  0.780000
-0.280301  0.360000  0.800000
-0.272641  0.360000  0.820000
-0.262294  0.360000  0.840000
-0.248403  0.360000  0.860000
-0.229961  0.360000  0.880000
-0.205893  0.360000  0.900000
-0.175226  0.360000  0.920000
-0.137378  0.360000  0.940000
-0.092566  0.360000  0.960000
-0.042224  0.360000  0.980000
0.010734  0.360000  1.000000
0.062033  0.360000  1.020000
0.106624  0.360000  1.040000
0.139600  0.360000  1.060000
0.157129  0.360000  1.080000

0.105954  0.380000  0.000000
0.089313  0.380000  0.020000
0.058236  0.380000  0.040000
0.016680  0.380000  0.060000
-0.030470  0.380000  0.080000
-0.078418  0.380000  0.100000
-0.123316  0.380000  0.120000
-0.162724  0.380000  0.140000
-0.195590  0.380000  0.160000
-0.221930  0.380000  0.180000
-0.242407  0.380000  0.200000
-0.257972  0.380000  0.220000
-0.269620  0.380000  0.240000
-0.278252  0.380000  0.260000
-0.284624  0.380000  0.280000
-0.289335  0.380000  0.300000
-0.292841  0.380000  0.320000
-0.295476  0.380000  0.340000
-0.297469  0.380000  0.360000
-0.298966  0.380000  0.380000
-0.300049  0.380000  0.400000
-0.300761  0.380000  0.420000
-0.301169  0.380000  0.440000
-0.301364  0.380000  0.460000
-0.301423  0.380000  0.480000
-0.301414  0.380000  0.500000
-0.301387  0.380000  0.520000
-0.301374  0.380000  0.540000
-0.301387  0.380000  0.560000
-0.301414  0.380000  0.580000
-0.301423  0.380000  0.600000
-0.301364  0.380000  0.620000
-0.301169  0.380000  0.640000
-0.300761  0.380000  0.660000
-0.300049  0.380000  0.680000
-0.298966  0.380000  0.700000
-0.297469  0.380000  0.720000
-0.295476  0.380000  0.740000
-0.292841  0.380000  0.760000
-0.289335  0.380000  0.780000
-0.284624  0.380000  0.800000
-0.278252  0.380000  0.820000
-0.269620  0.380000  0.840000
-0.257972  0.380000  0.860000
-0.242407  0.380000  0.880000
-0.221930  0.380000  0.900000
-0.195590  0.380000  0.920000
-0.162724  0.380000  0.940000
-0.123316  0.380000  0.960000
-0.078418  0.380000  0.980000
-0.030470  0.380000  1.000000
0.016680  0.380000  1.020000
0.058236  0.380000  1.040000
0.089313  0.380000  1.060000
0.105954  0.380000  1.080000

0.060234  0.400000  0.000000
0.044686  0.400000  0.020000
0.015822  0.400000  0.040000
-0.022425  0.400000  0.060000
-0.065343  0.400000  0.080000
-0.108473  0.400000  0.100000
-0.148393  0.400000  0.120000
-0.183057  0.400000  0.140000
-0.211691  0.400000  0.160000
-0.234450  0.400000  0.180000
-0.252019  0.400000  0.200000
-0.265293  0.400000  0.220000
-0.275180  0.400000  0.240000
-0.282485  0.400000  0.260000
-0.287871  0.400000  0.280000
-0.291863  0.400000  0.300000
-0.294849  0.400000  0.320000
-0.297108  0.400000  0.340000
-0.298813  0.400000  0.360000
-0.300049  0.400000  0.380000
-0.300852  0.400000  0.400000
-0.301291  0.400000  0.420000
-0.301461  0.400000  0.440000
-0.301458  0.400000  0.460000
-0.301367  0.400000  0.480000
-0.301255  0.400000  0.500000
-0.301168  0.400000  0.520000
-0.301136  0.400000  0.540000
-0.301168  0.400000  0.560000
-0.301255  0.400000  0.580000
-0.301367  0.400000  0.600000
-0.301458  0.400000  0.620000
-0.301461  0.400000  0.640000
-0.301291  0.400000  0.660000
-0.300852  0.400000  0.680000
-0.300049  0.400000  0.700000
-0.298813  0.400000  0.720000
-0.297108  0.400000  0.740000
-0.294849  0.400000  0.760000
-0.291863  0.400000  0.780000
-0.287871  0.400000  0.800000
-0.282485  0.400000  0.820000
-0.275180  0.400000  0.840000
-0.265293  0.400000  0.860000
-0.252019  0.400000  0.880000
-0.234450  0.400000  0.900000
-0.211691  0.400000  0.920000
-0.183057  0.400000  0.940000
-0.148393  0.400000  0.960000
-0.108473  0.400000  0.980000
-0.065343  0.400000  1.000000
-0.022425  0.400000  1.020000
0.015822  0.400000  1.040000
0.044686  0.400000  1.060000
0.060234  0.400000  1.080000

0.020750  0.420000  0.000000
0.006360  0.420000  0.020000
-0.020228  0.420000  0.040000
-0.055212  0.420000  0.060000
-0.094139  0.420000  0.080000
-0.132908  0.420000  0.100000
-0.168483  0.420000  0.120000
-0.199130  0.420000  0.140000
-0.224270  0.420000  0.160000
-0.244131  0.420000  0.180000
-0.259383  0.420000  0.200000
-0.270859  0.420000  0.220000
-0.279380  0.420000  0.240000
-0.285665  0.420000  0.260000
-0.290304  0.420000  0.280000
-0.293755  0.420000  0.300000
-0.296354  0.420000  0.320000
-0.298326  0.420000  0.340000
-0.299791  0.420000  0.360000
-0.300760  0.420000  0.380000
-0.301291  0.420000  0.400000
-0.301480  0.420000  0.420000
-0.301438  0.420000  0.440000
-0.301266  0.420000  0.460000
-0.301048  0.420000  0.480000
-0.300850  0.420000  0.500000
-0.300714  0.420000  0.520000
-0.300666  0.420000  0.540000
-0.300714  0.420000  0.560000
-0.300850  0.420000  0.580000
-0.301048  0.420000  0.600000
-0.301266  0.420000  0.620000
-0.301438  0.420000  0.640000
-0.301480  0.420000  0.660000
-0.301291  0.420000  0.680000
-0.300760  0.420000  0.700000
-0.299791  0.420000  0.720000
-0.298326  0.420000  0.740000
-0.296354  0.420000  0.760000
-0.293755  0.420000  0.780000
-0.290304  0.420000  0.800000
-0.285665  0.420000  0.820000
-0.279380  0.420000  0.840000
-0.270859  0.420000  0.860000
-0.259383  0.420000  0.880000
-0.244131  0.420000  0.900000
-0.224270  0.420000  0.920000
-0.199130  0.420000  0.940000
-0.168483  0.420000  0.960000
-0.132908  0.420000  0.980000
-0.094139  0.420000  1.000000
-0.055212  0.420000  1.020000
-0.020228  0.420000  1.040000
0.006360  0.420000  1.060000
0.020750  0.420000  1.080000

-0.012168  0.440000  0.000000
-0.025448  0.440000  0.020000
-0.049901  0.440000  0.040000
-0.081907  0.440000  0.060000
-0.117299  0.440000  0.080000
-0.152321  0.440000  0.100000
-0.184259  0.440000  0.120000
-0.211618  0.440000  0.140000
-0.233951  0.440000  0.160000
-0.251519  0.440000  0.180000
-0.264962  0.440000  0.200000
-0.275048  0.440000  0.220000
-0.282522  0.440000  0.240000
-0.288034  0.440000  0.260000
-0.292110  0.440000  0.280000
-0.295157  0.440000  0.300000
-0.297465  0.440000  0.320000
-0.299209  0.440000  0.340000
-0.300445  0.440000  0.360000
-0.301168  0.440000  0.380000
-0.301460  0.440000  0.400000
-0.301438  0.440000  0.420000
-0.301220  0.440000  0.440000
-0.300911  0.440000  0.460000
-0.300593  0.440000  0.480000
-0.300326  0.440000  0.500000
-0.300151  0.440000  0.520000
-0.300090  0.440000  0.540000
-0.300151  0.440000  0.560000
-0.300326  0.440000  0.580000
-0.300593  0.440000  0.600000
-0.300911  0.440000  0.620000
-0.301220  0.440000  0.640000
-0.301438  0.440000  0.660000
-0.301460  0.440000  0.680000
-0.301168  0.440000  0.700000
-0.300445  0.440000  0.720000
-0.299209  0.440000  0.740000
-0.297465  0.440000  0.760000
-0.295157  0.440000  0.780000
-0.292110  0.440000  0.800000
-0.288034  0.440000  0.820000
-0.282522  0.440000  0.840000
-0.275048  0.440000  0.860000
-0.264962  0.440000  0.880000
-0.251519  0.440000  0.900000
-0.233951  0.440000  0.920000
-0.211618  0.440000  0.940000
-0.184259  0.440000  0.960000
-0.152321  0.440000  0.980000
-0.117299  0.440000  1.000000
-0.081907  0.440000  1.020000
-0.049901  0.440000  1.040000
-0.025448  0.440000  1.060000
-0.012168  0.440000  1.080000

-0.038535  0.460000  0.000000
-0.050838  0.460000  0.020000
-0.073434  0.460000  0.040000
-0.102900  0.460000  0.060000
-0.135342  0.460000  0.080000
-0.167302  0.460000  0.100000
-0.196324  0.460000  0.120000
-0.221090  0.460000  0.140000
-0.241239  0.460000  0.160000
-0.257045  0.460000  0.180000
-0.269110  0.460000  0.200000
-0.278145  0.460000  0.220000
-0.284834  0.460000  0.240000
-0.289769  0.460000  0.260000
-0.293428  0.460000  0.280000
-0.296176  0.460000  0.300000
-0.298266  0.460000  0.320000
-0.299831  0.460000  0.340000
-0.300854  0.460000  0.360000
-0.301363  0.460000  0.380000
-0.301458  0.460000  0.400000
-0.301266  0.460000  0.420000
-0.300910  0.460000  0.440000
-0.300496  0.460000  0.460000
-0.300102  0.460000  0.480000
-0.299785  0.460000  0.500000
-0.299581  0.460000  0.520000
-0.299511  0.460000  0.540000
-0.299581  0.460000  0.560000
-0.299785  0.460000  0.580000
-0.300102  0.460000  0.600000
-0.300496  0.460000  0.620000
-0.300910  0.460000  0.640000
-0.301266  0.460000  0.660000
-0.301458  0.460000  0.680000
-0.301363  0.460000  0.700000
-0.300854  0.460000  0.720000
-0.299831  0.460000  0.740000
-0.298266  0.460000  0.760000
-0.296176  0.460000  0.780000
-0.293428  0.460000  0.800000
-0.289769  0.460000  0.820000
-0.284834  0.460000  0.840000
-0.278145  0.460000  0.860000
-0.269110  0.460000  0.880000
-0.257045  0.460000  0.900000
-0.241239  0.460000  0.920000
-0.221090  0.460000  0.940000
-0.196324  0.460000  0.960000
-0.167302  0.460000  0.980000
-0.135342  0.460000  1.000000
-0.102900  0.460000  1.020000
-0.073434  0.460000  1.040000
-0.050838  0.460000  1.060000
-0.038535  0.460000  1.080000

-0.058574  0.480000  0.000000
-0.070083  0.480000  0.020000
-0.091187  0.480000  0.040000
-0.118639  0.480000  0.060000
-0.148776  0.480000  0.080000
-0.178377  0.480000  0.100000
-0.205183  0.480000  0.120000
-0.228003  0.480000  0.140000
-0.246529  0.480000  0.160000
-0.261034  0.480000  0.180000
-0.272090  0.480000  0.200000
-0.280360  0.480000  0.220000
-0.286480  0.480000  0.240000
-0.290998  0.480000  0.260000
-0.294354  0.480000  0.280000
-0.296883  0.480000  0.300000
-0.298806  0.480000  0.320000
-0.300223  0.480000  0.340000
-0.301080  0.480000  0.360000
-0.301423  0.480000  0.380000
-0.301367  0.480000  0.400000
-0.301048  0.480000  0.420000
-0.300593  0.480000  0.440000
-0.300102  0.480000  0.460000
-0.299654  0.480000  0.480000
-0.299300  0.480000  0.500000
-0.299076  0.480000  0.520000
-0.298999  0.480000  0.540000
-0.299076  0.480000  0.560000
-0.299300  0.480000  0.580000
-0.299654  0.480000  0.600000
-0.300102  0.480000  0.620000
-0.300593  0.480000  0.640000
-0.301048  0.480000  0.660000
-0.301367  0.480000  0.680000
-0.301423  0.480000  0.700000
-0.301080  0.480000  0.720000
-0.300223  0.480000  0.740000
-0.298806  0.480000  0.760000
-0.296883  0.480000  0.780000
-0.294354  0.480000  0.800000
-0.290998  0.480000  0.820000
-0.286480  0.480000  0.840000
-0.280360  0.480000  0.860000
-0.272090  0.480000  0.880000
-0.261034  0.480000  0.900000
-0.246529  0.480000  0.920000
-0.228003  0.480000  0.940000
-0.205183  0.480000  0.960000
-0.178377  0.480000  0.980000
-0.148776  0.480000  1.000000
-0.118639  0.480000  1.020000
-0.091187  0.480000  1.040000
-0.070083  0.480000  1.060000
-0.058574  0.480000  1.080000

-0.072588  0.500000  0.000000
-0.083519  0.500000  0.020000
-0.103539  0.500000  0.040000
-0.129541  0.500000  0.060000
-0.158036  0.500000  0.080000
-0.185974  0.500000  0.100000
-0.211232  0.500000  0.120000
-0.232702  0.500000  0.140000
-0.250110  0.500000  0.160000
-0.263725  0.500000  0.180000
-0.274093  0.500000  0.200000
-0.281844  0.500000  0.220000
-0.287578  0.500000  0.240000
-0.291814  0.500000  0.260000
-0.294964  0.500000  0.280000
-0.297339  0.500000  0.300000
-0.299140  0.500000  0.320000
-0.300446  0.500000  0.340000
-0.301185  0.500000  0.360000
-0.301413  0.500000  0.380000
-0.301254  0.500000  0.400000
-0.300850  0.500000  0.420000
-0.300326  0.500000  0.440000
-0.299785  0.500000  0.460000
-0.299300  0.500000  0.480000
-0.298923  0.500000  0.500000
-0.298685  0.500000  0.520000
-0.298604  0.500000  0.540000
-0.298685  0.500000  0.560000
-0.298923  0.500000  0.580000
-0.299300  0.500000  0.600000
-0.299785  0.500000  0.620000
-0.300326  0.500000  0.640000
-0.300850  0.500000  0.660000
-0.301254  0.500000  0.680000
-0.301413  0.500000  0.700000
-0.301185  0.500000  0.720000
-0.300446  0.500000  0.740000
-0.299140  0.500000  0.760000
-0.297339  0.500000  0.780000
-0.294964  0.500000  0.800000
-0.291814  0.500000  0.820000
-0.287578  0.500000  0.840000
-0.281844  0.500000  0.860000
-0.274093  0.500000  0.880000
-0.263725  0.500000  0.900000
-0.250110  0.500000  0.920000
-0.232702  0.500000  0.940000
-0.211232  0.500000  0.960000
-0.185974  0.500000  0.980000
-0.158036  0.500000  1.000000
-0.129541  0.500000  1.020000
-0.103539  0.500000  1.040000
-0.083519  0.500000  1.060000
-0.072588  0.500000  1.080000

-0.080865  0.520000  0.000000
-0.091444  0.520000  0.020000
-0.110810  0.520000  0.040000
-0.135941  0.520000  0.060000
-0.163455  0.520000  0.080000
-0.190406  0.520000  0.100000
-0.214749  0.520000  0.120000
-0.235427  0.520000  0.140000
-0.252181  0.520000  0.160000
-0.265277  0.520000  0.180000
-0.275246  0.520000  0.200000
-0.282695  0.520000  0.220000
-0.288207  0.520000  0.240000
-0.292278  0.520000  0.260000
-0.295308  0.520000  0.280000
-0.297592  0.520000  0.300000
-0.299319  0.520000  0.320000
-0.300556  0.520000  0.340000
-0.301226  0.520000  0.360000
-0.301386  0.520000  0.380000
-0.301168  0.520000  0.400000
-0.300714  0.520000  0.420000
-0.300151  0.520000  0.440000
-0.299581  0.520000  0.460000
-0.299076  0.520000  0.480000
-0.298685  0.520000  0.500000
-0.298440  0.520000  0.520000
-0.298356  0.520000  0.540000
-0.298440  0.520000  0.560000
-0.298685  0.520000  0.580000
-0.299076  0.520000  0.600000
-0.299581  0.520000  0.620000
-0.300151  0.520000  0.640000
-0.300714  0.520000  0.660000
-0.301168  0.520000  0.680000
-0.301386  0.520000  0.700000
-0.301226  0.520000  0.720000
-0.300556  0.520000  0.740000
-0.299319  0.520000  0.760000
-0.297592  0.520000  0.780000
-0.295308  0.520000  0.800000
-0.292278  0.520000  0.820000
-0.288207  0.520000  0.840000
-0.282695  0.520000  0.860000
-0.275246  0.520000  0.880000
-0.265277  0.520000  0.900000
-0.252181  0.520000  0.920000
-0.235427  0.520000  0.940000
-0.214749  0.520000  0.960000
-0.190406  0.520000  0.980000
-0.163455  0.520000  1.000000
-0.135941  0.520000  1.020000
-0.110810  0.520000  1.040000
-0.091444  0.520000  1.060000
-0.080865  0.520000  1.080000

-0.083600  0.540000  0.000000
-0.094062  0.540000  0.020000
-0.113209  0.540000  0.040000
-0.138050  0.540000  0.060000
-0.165238  0.540000  0.080000
-0.191862  0.540000  0.100000
-0.215904  0.540000  0.120000
-0.236320  0.540000  0.140000
-0.252859  0.540000  0.160000
-0.265785  0.540000  0.180000
-0.275622  0.540000  0.200000
-0.282973  0.540000  0.220000
-0.288412  0.540000  0.240000
-0.292429  0.540000  0.260000
-0.295419  0.540000  0.280000
-0.297673  0.540000  0.300000
-0.299375  0.540000  0.320000
-0.300588  0.540000  0.340000
-0.301235  0.540000  0.360000
-0.301374  0.540000  0.380000
-0.301136  0.540000  0.400000
-0.300665  0.540000  0.420000
-0.300090  0.540000  0.440000
-0.299511  0.540000  0.460000
-0.298999  0.540000  0.480000
-0.298604  0.540000  0.500000
-0.298356  0.540000  0.520000
-0.298272  0.540000  0.540000
-0.298356  0.540000  0.560000
-0.298604  0.540000  0.580000
-0.298999  0.540000  0.600000
-0.299511  0.540000  0.620000
-0.300090  0.540000  0.640000
-0.300665  0.540000  0.660000
-0.301136  0.540000  0.680000
-0.301374  0.540000  0.700000
-0.301235  0.540000  0.720000
-0.300588  0.540000  0.740000
-0.299375  0.540000  0.760000
-0.297673  0.540000  0.780000
-0.295419  0.540000  0.800000
-0.292429  0.540000  0.820000
-0.288412  0.540000  0.840000
-0.282973  0.540000  0.860000
-0.275622  0.540000  0.880000
-0.265785  0.540000  0.900000
-0.252859  0.540000  0.920000
-0.236320  0.540000  0.940000
-0.215904  0.540000  0.960000
-0.191862  0.540000  0.980000
-0.165238  0.540000  1.000000
-0.138050  0.540000  1.020000
-0.113209  0.540000  1.040000
-0.094062  0.540000  1.060000
-0.083600  0.540000  1.080000

-0.080865  0.560000  0.000000
-0.091444  0.560000  0.020000
-0.110810  0.560000  0.040000
-0.135941  0.560000  0.060000
-0.163455  0.560000  0.080000
-0.190406  0.560000  0.100000
-0.214749  0.560000  0.120000
-0.235427  0.560000  0.140000
-0.252181  0.560000  0.160000
-0.265277  0.560000  0.180000
-0.275246  0.560000  0.200000
-0.282695  0.560000  0.220000
-0.288207  0.560000  0.240000
-0.292278  0.560000  0.260000
-0.295308  0.560000  0.280000
-0.297592  0.560000  0.300000
-0.299319  0.560000  0.320000
-0.300556  0.560000  0.340000
-0.301226  0.560000  0.360000
-0.301386  0.560000  0.380000
-0.301168  0.560000  0.400000
-0.300714  0.560000  0.420000
-0.300151  0.560000  0.440000
-0.299581  0.560000  0.460000
-0.299076  0.560000  0.480000
-0.298685  0.560000  0.500000
-0.298440  0.560000  0.520000
-0.298356  0.560000  0.540000
-0.298440  0.560000  0.560000
-0.298685  0.560000  0.580000
-0.299076  0.560000  0.600000
-0.299581  0.560000  0.620000
-0.300151  0.560000  0.640000
-0.300714  0.560000  0.660000
-0.301168  0.560000  0.680000
-0.301386  0.560000  0.700000
-0.301226  0.560000  0.720000
-0.300556  0.560000  0.740000
-0.299319  0.560000  0.760000
-0.297592  0.560000  0.780000
-0.295308  0.560000  0.800000
-0.292278  0.560000  0.820000
-0.288207  0.560000  0.840000
-0.282695  0.560000  0.860000
-0.275246  0.560000  0.880000
-0.265277  0.560000  0.900000
-0.252181  0.560000  0.920000
-0.235427  0.560000  0.940000
-0.214749  0.560000  0.960000
-0.190406  0.560000  0.980000
-0.163455  0.560000  1.000000
-0.135941  0.560000  1.020000
-0.110810  0.560000  1.040000
-0.091444  0.560000  1.060000
-0.080865  0.560000  1.080000

-0.072588  0.580000  0.000000
-0.083519  0.580000  0.020000
-0.103539  0.580000  0.040000
-0.129541  0.580000  0.060000
-0.158036  0.580000  0.080000
-0.185974  0.580000  0.100000
-0.211232  0.580000  0.120000
-0.232702  0.580000  0.140000
-0.250110  0.580000  0.160000
-0.263725  0.580000  0.180000
-0.274093  0.580000  0.200000
-0.281844  0.580000  0.220000
-0.287578  0.580000  0.240000
-0.291814  0.580000  0.260000
-0.294964  0.580000  0.280000
-0.297339  0.580000  0.300000
-0.299140  0.580000  0.320000
-0.300446  0.580000  0.340000
-0.301185  0.580000  0.360000
-0.301413  0.580000  0.380000
-0.301254  0.580000  0.400000
-0.300850  0.580000  0.420000
-0.300326  0.580000  0.440000
-0.299785  0.580000  0.460000
-0.299300  0.580000  0.480000
-0.298923  0.580000  0.500000
-0.298685  0.580000  0.520000
-0.298604  0.580000  0.540000
-0.298685  0.580000  0.560000
-0.298923  0.580000  0.580000
-0.299300  0.580000  0.600000
-0.299785  0.580000  0.620000
-0.300326  0.580000  0.640000
-0.300850  0.580000  0.660000
-0.301254  0.580000  0.680000
-0.301413  0.580000  0.700000
-0.301185  0.580000  0.720000
-0.300446  0.580000  0.740000
-0.299140  0.580000  0.760000
-0.297339  0.580000  0.780000
-0.294964  0.580000  0.800000
-0.291814  0.580000  0.820000
-0.287578  0.580000  0.840000
-0.281844  0.580000  0.860000
-0.274093  0.580000  0.880000
-0.263725  0.580000  0.900000
-0.250110  0.580000  0.920000
-0.232702  0.580000  0.940000
-0.211232  0.580000  0.960000
-0.185974  0.580000  0.980000
-0.158036  0.580000  1.000000
-0.129541  0.580000  1.020000
-0.103539  0.580000  1.040000
-0.083519  0.580000  1.060000
-0.072588  0.580000  1.080000

-0.058574  0.600000  0.000000
-0.070083  0.600000  0.020000
-0.091187  0.600000  0.040000
-0.118639  0.600000  0.060000
-0.148776  0.600000  0.080000
-0.178377  0.600000  0.100000
-0.205183  0.600000  0.120000
-0.228003  0.600000  0.140000
-0.246529  0.600000  0.160000
-0.261034  0.600000  0.180000
-0.272090  0.600000  0.200000
-0.280360  0.600000  0.220000
-0.286480  0.600000  0.240000
-0.290998  0.600000  0.260000
-0.294354  0.600000  0.280000
-0.296883  0.600000  0.300000
-0.298806  0.600000  0.320000
-0.300223  0.600000  0.340000
-0.301080  0.600000  0.360000
-0.301423  0.600000  0.380000
-0.301367  0.600000  0.400000
-0.301048  0.600000  0.420000
-0.300593  0.600000  0.440000
-0.300102  0.600000  0.460000
-0.299654  0.600000  0.480000
-0.299300  0.600000  0.500000
-0.299076  0.600000  0.520000
-0.298999  0.600000  0.540000
-0.299076  0.600000  0.560000
-0.299300  0.600000  0.580000
-0.299654  0.600000  0.600000
-0.300102  0.600000  0.620000
-0.300593  0.600000  0.640000
-0.301048  0.600000  0.660000
-0.301367  0.600000  0.680000
-0.301423  0.600000  0.700000
-0.301080  0.600000  0.720000
-0.300223  0.600000  0.740000
-0.298806  0.600000  0.760000
-0.296883  0.600000  0.780000
-0.294354  0.600000  0.800000
-0.290998  0.600000  0.820000
-0.286480  0.600000  0.840000
-0.280360  0.600000  0.860000
-0.272090  0.600000  0.880000
-0.261034  0.600000  0.900000
-0.246529  0.600000  0.920000
-0.228003  0.600000  0.940000
-0.205183  0.600000  0.960000
-0.178377  0.600000  0.980000
-0.148776  0.600000  1.000000
-0.118639  0.600000  1.020000
-0.091187  0.600000  1.040000
-0.070083  0.600000  1.060000
-0.058574  0.600000  1.080000

-0.038535  0.620000  0.000000
-0.050838  0.620000  0.020000
-0.073434  0.620000  0.040000
-0.102900  0.620000  0.060000
-0.135342  0.620000  0.080000
-0.167302  0.620000  0.100000
-0.196324  0.620000  0.120000
-0.221090  0.620000  0.140000
-0.241239  0.620000  0.160000
-0.257045  0.620000  0.180000
-0.269110  0.620000  0.200000
-0.278145  0.620000  0.220000
-0.284834  0.620000  0.240000
-0.289769  0.620000  0.260000
-0.293428  0.620000  0.280000
-0.296176  0.620000  0.300000
-0.298266  0.620000  0.320000
-0.299831  0.620000  0.340000
-0.300854  0.620000  0.360000
-0.301363  0.620000  0.380000
-0.301458  0.620000  0.400000
-0.301266  0.620000  0.420000
-0.300910  0.620000  0.440000
-0.300496  0.620000  0.460000
-0.300102  0.620000  0.480000
-0.299785  0.620000  0.500000
-0.299581  0.620000  0.520000
-0.299511  0.620000  0.540000
-0.299581  0.620000  0.560000
-0.299785  0.620000  0.580000
-0.300102  0.620000  0.600000
-0.300496  0.620000  0.620000
-0.300910  0.620000  0.640000
-0.301266  0.620000  0.660000
-0.301458  0.620000  0.680000
-0.301363  0.620000  0.700000
-0.300854  0.620000  0.720000
-0.299831  0.620000  0.740000
-0.298266  0.620000  0.760000
-0.296176  0.620000  0.780000
-0.293428  0.620000  0.800000
-0.289769  0.620000  0.820000
-0.284834  0.620000  0.840000
-0.278145  0.620000  0.860000
-0.269110  0.620000  0.880000
-0.257045  0.620000  0.900000
-0.241239  0.620000  0.920000
-0.221090  0.620000  0.940000
-0.196324  0.620000  0.960000
-0.167302  0.620000  0.980000
-0.135342  0.620000  1.000000
-0.102900  0.620000  1.020000
-0.073434  0.620000  1.040000
-0.050838  0.620000  1.060000
-0.038535  0.620000  1.080000

-0.012168  0.640000  0.000000
-0.025448  0.640000  0.020000
-0.049901  0.640000  0.040000
-0.081907  0.640000  0.060000
-0.117299  0.640000  0.080000
-0.152321  0.640000  0.100000
-0.184259  0.640000  0.120000
-0.211618  0.640000  0.140000
-0.233951  0.640000  0.160000
-0.251519  0.640000  0.180000
-0.264962  0.640000  0.200000
-0.275048  0.640000  0.220000
-0.282522  0.640000  0.240000
-0.288034  0.640000  0.260000
-0.292110  0.640000  0.280000
-0.295157  0.640000  0.300000
-0.297465  0.640000  0.320000
-0.299209  0.640000  0.340000
-0.300445  0.640000  0.360000
-0.301168  0.640000  0.380000
-0.301460  0.640000  0.400000
-0.301438  0.640000  0.420000
-0.301220  0.640000  0.440000
-0.300911  0.640000  0.460000
-0.300593  0.640000  0.480000
-0.300326  0.640000  0.500000
-0.300151  0.640000  0.520000
-0.300090  0.640000  0.540000
-0.300151  0.640000  0.560000
-0.300326  0.640000  0.580000
-0.300593  0.640000  0.600000
-0.300911  0.640000  0.620000
-0.301220  0.640000  0.640000
-0.301438  0.640000  0.660000
-0.301460  0.640000  0.680000
-0.301168  0.640000  0.700000
-0.300445  0.640000  0.720000
-0.299209  0.640000  0.740000
-0.297465  0.640000  0.760000
-0.295157  0.640000  0.780000
-0.292110  0.640000  0.800000
-0.288034  0.640000  0.820000
-0.282522  0.640000  0.840000
-0.275048  0.640000  0.860000
-0.264962  0.640000  0.880000
-0.251519  0.640000  0.900000
-0.233951  0.640000  0.920000
-0.211618  0.640000  0.940000
-0.184259  0.640000  0.960000
-0.152321  0.640000  0.980000
-0.117299  0.640000  1.000000
-0.081907  0.640000  1.020000
-0.049901  0.640000  1.040000
-0.025448  0.640000  1.060000
-0.012168  0.640000  1.080000

0.020750  0.660000  0.000000
0.006360  0.660000  0.020000
-0.020228  0.660000  0.040000
-0.055212  0.660000  0.060000
-0.094139  0.660000  0.080000
-0.132908  0.660000  0.100000
-0.168483  0.660000  0.120000
-0.199130  0.660000  0.140000
-0.224270  0.660000  0.160000
-0.244131  0.660000  0.180000
-0.259383  0.660000  0.200000
-0.270859  0.660000  0.220000
-0.279380  0.660000  0.240000
-0.285665  0.660000  0.260000
-0.290304  0.660000  0.280000
-0.293755  0.660000  0.300000
-0.296354  0.660000  0.320000
-0.298326  0.660000  0.340000
-0.299791  0.660000  0.360000
-0.300760  0.660000  0.380000
-0.301291  0.660000  0.400000
-0.301480  0.660000  0.420000
-0.301438  0.660000  0.440000
-0.301266  0.660000  0.460000
-0.301048  0.660000  0.480000
-0.300850  0.660000  0.500000
-0.300714  0.660000  0.520000
-0.300666  0.660000  0.540000
-0.300714  0.660000  0.560000
-0.300850  0.660000  0.580000
-0.301048  0.660000  0.600000
-0.301266  0.660000  0.620000
-0.301438  0.660000  0.640000
-0.301480  0.660000  0.660000
-0.301291  0.660000  0.680000
-0.300760  0.660000  0.700000
-0.299791  0.660000  0.720000
-0.298326  0.660000  0.740000
-0.296354  0.660000  0.760000
-0.293755  0.660000  0.780000
-0.290304  0.660000  0.800000
-0.285665  0.660000  0.820000
-0.279380  0.660000  0.840000
-0.270859  0.660000  0.860000
-0.259383  0.660000  0.880000
-0.244131  0.660000  0.900000
-0.224270  0.660000  0.920000
-0.199130  0.660000  0.940000
-0.168483  0.660000  0.960000
-0.132908  0.660000  0.980000
-0.094139  0.660000  1.000000
-0.055212  0.660000  1.020000
-0.020228  0.660000  1.040000
0.006360  0.660000  1.060000
0.020750  0.660000  1.080000

0.060234  0.680000  0.000000
0.044686  0.680000  0.020000
0.015822  0.680000  0.040000
-0.022425  0.680000  0.060000
-0.065343  0.680000  0.080000
-0.108473  0.680000  0.100000
-0.148393  0.680000  0.120000
-0.183057  0.680000  0.140000
-0.211691  0.680000  0.160000
-0.234450  0.680000  0.180000
-0.252019  0.680000  0.200000
-0.265293  0.680000  0.220000
-0.275180  0.680000  0.240000
-0.282485  0.680000  0.260000
-0.287871  0.680000  0.280000
-0.291863  0.680000  0.300000
-0.294849  0.680000  0.320000
-0.297108  0.680000  0.340000
-0.298813  0.680000  0.360000
-0.300049  0.680000  0.380000
-0.300852  0.680000  0.400000
-0.301291  0.680000  0.420000
-0.301461  0.680000  0.440000
-0.301458  0.680000  0.460000
-0.301367  0.680000  0.480000
-0.301255  0.680000  0.500000
-0.301168  0.680000  0.520000
-0.301136  0.680000  0.540000
-0.301168  0.680000  0.560000
-0.301255  0.680000  0.580000
-0.301367  0.680000  0.600000
-0.301458  0.680000  0.620000
-0.301461  0.680000  0.640000
-0.301291  0.680000  0.660000
-0.300852  0.680000  0.680000
-0.300049  0.680000  0.700000
-0.298813  0.680000  0.720000
-0.297108  0.680000  0.740000
-0.294849  0.680000  0.760000
-0.291863  0.680000  0.780000
-0.287871  0.680000  0.800000
-0.282485  0.680000  0.820000
-0.275180  0.680000  0.840000
-0.265293  0.680000  0.860000
-0.252019  0.680000  0.880000
-0.234450  0.680000  0.900000
-0.211691  0.680000  0.920000
-0.183057  0.680000  0.940000
-0.148393  0.680000  0.960000
-0.108473  0.680000  0.980000
-0.065343  0.680000  1.000000
-0.022425  0.680000  1.020000
0.015822  0.680000  1.040000
0.044686  0.680000  1.060000
0.060234  0.680000  1.080000

0.105954  0.700000  0.000000
0.089313  0.700000  0.020000
0.058236  0.700000  0.040000
0.016680  0.700000  0.060000
-0.030470  0.700000  0.080000
-0.078418  0.700000  0.100000
-0.123316  0.700000  0.120000
-0.162724  0.700000  0.140000
-0.195590  0.700000  0.160000
-0.221930  0.700000  0.180000
-0.242407  0.700000  0.200000
-0.257972  0.700000  0.220000
-0.269620  0.700000  0.240000
-0.278252  0.700000  0.260000
-0.284624  0.700000  0.280000
-0.289335  0.700000  0.300000
-0.292841  0.700000  0.320000
-0.295476  0.700000  0.340000
-0.297469  0.700000  0.360000
-0.298966  0.700000  0.380000
-0.300049  0.700000  0.400000
-0.300761  0.700000  0.420000
-0.301169  0.700000  0.440000
-0.301364  0.700000  0.460000
-0.301423  0.700000  0.480000
-0.301414  0.700000  0.500000
-0.301387  0.700000  0.520000
-0.301374  0.700000  0.540000
-0.301387  0.700000  0.560000
-0.301414  0.700000  0.580000
-0.301423  0.700000  0.600000
-0.301364  0.700000  0.620000
-0.301169  0.700000  0.640000
-0.300761  0.700000  0.660000
-0.300049  0.700000  0.680000
-0.298966  0.700000  0.700000
-0.297469  0.700000  0.720000
-0.295476  0.700000  0.740000
-0.292841  0.700000  0.760000
-0.289335  0.700000  0.780000
-0.284624  0.700000  0.800000
-0.278252  0.700000  0.820000
-0.269620  0.700000  0.840000
-0.257972  0.700000  0.860000
-0.242407  0.700000  0.880000
-0.221930  0.700000  0.900000
-0.195590  0.700000  0.920000
-0.162724  0.700000  0.940000
-0.123316  0.700000  0.960000
-0.078418  0.700000  0.980000
-0.030470  0.700000  1.000000
0.016680  0.700000  1.020000
0.058236  0.700000  1.040000
0.089313  0.700000  1.060000
0.105954  0.700000  1.080000

0.157129  0.720000  0.000000
0.139600  0.720000  0.020000
0.106624  0.720000  0.040000
0.062033  0.720000  0.060000
0.010734  0.720000  0.080000
-0.042224  0.720000  0.100000
-0.092566  0.720000  0.120000
-0.137378  0.720000  0.140000
-0.175226  0.720000  0.160000
-0.205893  0.720000  0.180000
-0.229961  0.720000  0.200000
-0.248403  0.720000  0.220000
-0.262294  0.720000  0.240000
-0.272641  0.720000  0.260000
-0.280301  0.720000  0.280000
-0.285967  0.720000  0.300000
-0.290171  0.720000  0.320000
-0.293313  0.720000  0.340000
-0.295680  0.720000  0.360000
-0.297470  0.720000  0.380000
-0.298814  0.720000  0.400000
-0.299792  0.720000  0.420000
-0.300445  0.720000  0.440000
-0.300855  0.720000  0.460000
-0.301080  0.720000  0.480000
-0.301186  0.720000  0.500000
-0.301226  0.720000  0.520000
-0.301236  0.720000  0.540000
-0.301226  0.720000  0.560000
-0.301186  0.720000  0.580000
-0.301080  0.720000  0.600000
-0.300855  0.720000  0.620000
-0.300445  0.720000  0.640000
-0.299792  0.720000  0.660000
-0.298814  0.720000  0.680000
-0.297470  0.720000  0.700000
-0.295680  0.720000  0.720000
-0.293313  0.720000  0.740000
-0.290171  0.720000  0.760000
-0.285967  0.720000  0.780000
-0.280301  0.720000  0.800000
-0.272641  0.720000  0.820000
-0.262294  0.720000  0.840000
-0.248403  0.720000  0.860000
-0.229961  0.720000  0.880000
-0.205893  0.720000  0.900000
-0.175226  0.720000  0.920000
-0.137378  0.720000  0.940000
-0.092566  0.720000  0.960000
-0.042224  0.720000  0.980000
0.010734  0.720000  1.000000
0.062033  0.720000  1.020000
0.106624  0.720000  1.040000
0.139600  0.720000  1.060000
0.157129  0.720000  1.080000

0.212487  0.740000  0.000000
0.194417  0.740000  0.020000
0.160131  0.740000  0.040000
0.113153  0.740000  0.060000
0.058205  0.740000  0.080000
0.000427  0.740000  0.100000
-0.055532  0.740000  0.120000
-0.106239  0.740000  0.140000
-0.149763  0.740000  0.160000
-0.185535  0.740000  0.180000
-0.213953  0.740000  0.200000
-0.235957  0.740000  0.220000
-0.252676  0.740000  0.240000
-0.265218  0.740000  0.260000
-0.274552  0.740000  0.280000
-0.281476  0.740000  0.300000
-0.286615  0.740000  0.320000
-0.290444  0.740000  0.340000
-0.293314  0.740000  0.360000
-0.295477  0.740000  0.380000
-0.297109  0.740000  0.400000
-0.298328  0.740000  0.420000
-0.299210  0.740000  0.440000
-0.299833  0.740000  0.460000
-0.300224  0.740000  0.480000
-0.300447  0.740000  0.500000
-0.300556  0.740000  0.520000
-0.300589  0.740000  0.540000
-0.300556  0.740000  0.560000
-0.300447  0.740000  0.580000
-0.300224  0.740000  0.600000
-0.299833  0.740000  0.620000
-0.299210  0.740000  0.640000
-0.298328  0.740000  0.660000
-0.297109  0.740000  0.680000
-0.295477  0.740000  0.700000
-0.293314  0.740000  0.720000
-0.290444  0.740000  0.740000
-0.286615  0.740000  0.760000
-0.281476  0.740000  0.780000
-0.274552  0.740000  0.800000
-0.265218  0.740000  0.820000
-0.252676  0.740000  0.840000
-0.235957  0.740000  0.860000
-0.213953  0.740000  0.880000
-0.185535  0.740000  0.900000
-0.149763  0.740000  0.920000
-0.106239  0.740000  0.940000
-0.055532  0.740000  0.960000
0.000427  0.740000  0.980000
0.058205  0.740000  1.000000
0.113153  0.740000  1.020000
0.160131  0.740000  1.040000
0.194417  0.740000  1.060000
0.212487  0.740000  1.080000

0.270329  0.760000  0.000000
0.252179  0.760000  0.020000
0.217417  0.760000  0.040000
0.169072  0.760000  0.060000
0.111440  0.760000  0.080000
0.049521  0.760000  0.100000
-0.011806  0.760000  0.120000
-0.068597  0.760000  0.140000
-0.118331  0.760000  0.160000
-0.159940  0.760000  0.180000
-0.193513  0.760000  0.200000
-0.219852  0.760000  0.220000
-0.240092  0.760000  0.240000
-0.255417  0.760000  0.260000
-0.266908  0.760000  0.280000
-0.275479  0.760000  0.300000
-0.281859  0.760000  0.320000
-0.286616  0.760000  0.340000
-0.290173  0.760000  0.360000
-0.292843  0.760000  0.380000
-0.294851  0.760000  0.400000
-0.296356  0.760000  0.420000
-0.297467  0.760000  0.440000
-0.298270  0.760000  0.460000
-0.298810  0.760000  0.480000
-0.299144  0.760000  0.500000
-0.299322  0.760000  0.520000
-0.299378  0.760000  0.540000
-0.299322  0.760000  0.560000
-0.299144  0.760000  0.580000
-0.298810  0.760000  0.600000
-0.298270  0.760000  0.620000
-0.297467  0.760000  0.640000
-0.296356  0.760000  0.660000
-0.294851  0.760000  0.680000
-0.292843  0.760000  0.700000
-0.290173  0.760000  0.720000
-0.286616  0.760000  0.740000
-0.281859  0.760000  0.760000
-0.275479  0.760000  0.780000
-0.266908  0.760000  0.800000
-0.255417  0.760000  0.820000
-0.240092  0.760000  0.840000
-0.219852  0.760000  0.860000
-0.193513  0.760000  0.880000
-0.159940  0.760000  0.900000
-0.118331  0.760000  0.920000
-0.068597  0.760000  0.940000
-0.011806  0.760000  0.960000
0.049521  0.760000  0.980000
0.111440  0.760000  1.000000
0.169072  0.760000  1.020000
0.217417  0.760000  1.040000
0.252179  0.760000  1.060000
0.270329  0.760000  1.080000

0.328709  0.780000  0.000000
0.311002  0.780000  0.020000
0.276745  0.780000  0.040000
0.228339  0.780000  0.060000
0.169419  0.780000  0.080000
0.104569  0.780000  0.100000
0.038664  0.780000  0.120000
-0.023949  0.780000  0.140000
-0.080119  0.780000  0.160000
-0.128150  0.780000  0.180000
-0.167649  0.780000  0.200000
-0.199154  0.780000  0.220000
-0.223703  0.780000  0.240000
-0.242512  0.780000  0.260000
-0.256755  0.780000  0.280000
-0.267462  0.780000  0.300000
-0.275479  0.780000  0.320000
-0.281478  0.780000  0.340000
-0.285969  0.780000  0.360000
-0.289337  0.780000  0.380000
-0.291865  0.780000  0.400000
-0.293758  0.780000  0.420000
-0.295160  0.780000  0.440000
-0.296179  0.780000  0.460000
-0.296886  0.780000  0.480000
-0.297342  0.780000  0.500000
-0.297595  0.780000  0.520000
-0.297676  0.780000  0.540000
-0.297595  0.780000  0.560000
-0.297342  0.780000  0.580000
-0.296886  0.780000  0.600000
-0.296179  0.780000  0.620000
-0.295160  0.780000  0.640000
-0.293758  0.780000  0.660000
-0.291865  0.780000  0.680000
-0.289337  0.780000  0.700000
-0.285969  0.780000  0.720000
-0.281478  0.780000  0.740000
-0.275479  0.780000  0.760000
-0.267462  0.780000  0.780000
-0.256755  0.780000  0.800000
-0.242512  0.780000  0.820000
-0.223703  0.780000  0.840000
-0.199154  0.780000  0.860000
-0.167649  0.780000  0.880000
-0.128150  0.780000  0.900000
-0.080119  0.780000  0.920000
-0.023949  0.780000  0.940000
0.038664  0.780000  0.960000
0.104569  0.780000  0.980000
0.169419  0.780000  1.000000
0.228339  0.780000  1.020000
0.276745  0.780000  1.040000
0.311002  0.780000  1.060000
0.328709  0.780000  1.080000

0.385680  0.800000  0.000000
0.368921  0.800000  0.020000
0.336171  0.800000  0.040000
0.289131  0.800000  0.060000
0.230615  0.800000  0.080000
0.164517  0.800000  0.100000
0.095411  0.800000  0.120000
0.027820  0.800000  0.140000
-0.034542  0.800000  0.160000
-0.089266  0.800000  0.180000
-0.135320  0.800000  0.200000
-0.172797  0.800000  0.220000
-0.202506  0.800000  0.240000
-0.225602  0.800000  0.260000
-0.243309  0.800000  0.280000
-0.256756  0.800000  0.300000
-0.266910  0.800000  0.320000
-0.274555  0.800000  0.340000
-0.280304  0.800000  0.360000
-0.284627  0.800000  0.380000
-0.287875  0.800000  0.400000
-0.290308  0.800000  0.420000
-0.292114  0.800000  0.440000
-0.293432  0.800000  0.460000
-0.294359  0.800000  0.480000
-0.294968  0.800000  0.500000
-0.295312  0.800000  0.520000
-0.295423  0.800000  0.540000
-0.295312  0.800000  0.560000
-0.294968  0.800000  0.580000
-0.294359  0.800000  0.600000
-0.293432  0.800000  0.620000
-0.292114  0.800000  0.640000
-0.290308  0.800000  0.660000
-0.287875  0.800000  0.680000
-0.284627  0.800000  0.700000
-0.280304  0.800000  0.720000
-0.274555  0.800000  0.740000
-0.266910  0.800000  0.760000
-0.256756  0.800000  0.780000
-0.243309  0.800000  0.800000
-0.225602  0.800000  0.820000
-0.202506  0.800000  0.840000
-0.172797  0.800000  0.860000
-0.135320  0.800000  0.880000
-0.089266  0.800000  0.900000
-0.034542  0.800000  0.920000
0.027820  0.800000  0.940000
0.095411  0.800000  0.960000
0.164517  0.800000  0.980000
0.230615  0.800000  1.000000
0.289131  0.800000  1.020000
0.336171  0.800000  1.040000
0.368921  0.800000  1.060000
0.385680  0.800000  1.080000

0.439539  0.820000  0.000000
0.424148  0.820000  0.020000
0.393779  0.820000  0.040000
0.349457  0.820000  0.060000
0.293112  0.820000  0.080000
0.227754  0.820000  0.100000
0.157339  0.820000  0.120000
0.086252  0.820000  0.140000
0.018563  0.820000  0.160000
-0.042636  0.820000  0.180000
-0.095558  0.820000  0.200000
-0.139667  0.820000  0.220000
-0.175368  0.820000  0.240000
-0.203618  0.820000  0.260000
-0.225604  0.820000  0.280000
-0.242515  0.820000  0.300000
-0.255421  0.820000  0.320000
-0.265223  0.820000  0.340000
-0.272646  0.820000  0.360000
-0.278257  0.820000  0.380000
-0.282490  0.820000  0.400000
-0.285670  0.820000  0.420000
-0.288039  0.820000  0.440000
-0.289774  0.820000  0.460000
-0.291003  0.820000  0.480000
-0.291819  0.820000  0.500000
-0.292283  0.820000  0.520000
-0.292434  0.820000  0.540000
-0.292283  0.820000  0.560000
-0.291819  0.820000  0.580000
-0.291003  0.820000  0.600000
-0.289774  0.820000  0.620000
-0.288039  0.820000  0.640000
-0.285670  0.820000  0.660000
-0.282490  0.820000  0.680000
-0.278257  0.820000  0.700000
-0.272646  0.820000  0.720000
-0.265223  0.820000  0.740000
-0.255421  0.820000  0.760000
-0.242515  0.820000  0.780000
-0.225604  0.820000  0.800000
-0.203618  0.820000  0.820000
-0.175368  0.820000  0.840000
-0.139667  0.820000  0.860000
-0.095558  0.820000  0.880000
-0.042636  0.820000  0.900000
0.018563  0.820000  0.920000
0.086252  0.820000  0.940000
0.157339  0.820000  0.960000
0.227754  0.820000  0.980000
0.293112  0.820000  1.000000
0.349457  0.820000  1.020000
0.393779  0.820000  1.040000
0.424148  0.820000  1.060000
0.439539  0.820000  1.080000

0.489010  0.840000  0.000000
0.475271  0.840000  0.020000
0.447919  0.840000  0.040000
0.407404  0.840000  0.060000
0.354823  0.840000  0.080000
0.292226  0.840000  0.100000
0.222711  0.840000  0.120000
0.150173  0.840000  0.140000
0.078709  0.840000  0.160000
0.011912  0.840000  0.180000
-0.047676  0.840000  0.200000
-0.098754  0.840000  0.220000
-0.141124  0.840000  0.240000
-0.175371  0.840000  0.260000
-0.202511  0.840000  0.280000
-0.223709  0.840000  0.300000
-0.240099  0.840000  0.320000
-0.252684  0.840000  0.340000
-0.262302  0.840000  0.360000
-0.269627  0.840000  0.380000
-0.275188  0.840000  0.400000
-0.279387  0.840000  0.420000
-0.282529  0.840000  0.440000
-0.284841  0.840000  0.460000
-0.286487  0.840000  0.480000
-0.287585  0.840000  0.500000
-0.288214  0.840000  0.520000
-0.288418  0.840000  0.540000
-0.288214  0.840000  0.560000
-0.287585  0.840000  0.580000
-0.286487  0.840000  0.600000
-0.284841  0.840000  0.620000
-0.282529  0.840000  0.640000
-0.279387  0.840000  0.660000
-0.275188  0.840000  0.680000
-0.269627  0.840000  0.700000
-0.262302  0.840000  0.720000
-0.252684  0.840000  0.740000
-0.240099  0.840000  0.760000
-0.223709  0.840000  0.780000
-0.202511  0.840000  0.800000
-0.175371  0.840000  0.820000
-0.141124  0.840000  0.840000
-0.098754  0.840000  0.860000
-0.047676  0.840000  0.880000
0.011912  0.840000  0.900000
0.078709  0.840000  0.920000
0.150173  0.840000  0.940000
0.222711  0.840000  0.960000
0.292226  0.840000  0.980000
0.354823  0.840000  1.000000
0.407404  0.840000  1.020000
0.447919  0.840000  1.040000
0.475271  0.840000  1.060000
0.489010  0.840000  1.080000

0.533313  0.860000  0.000000
0.521356  0.860000  0.020000
0.497367  0.860000  0.040000
0.461363  0.860000  0.060000
0.413753  0.860000  0.080000
0.355684  0.860000  0.100000
0.289289  0.860000  0.120000
0.217681  0.860000  0.140000
0.144602  0.860000  0.160000
0.073813  0.860000  0.180000
0.008453  0.860000  0.200000
-0.049387  0.860000  0.220000
-0.098757  0.860000  0.240000
-0.139674  0.860000  0.260000
-0.172805  0.860000  0.280000
-0.199163  0.860000  0.300000
-0.219863  0.860000  0.320000
-0.235968  0.860000  0.340000
-0.248414  0.860000  0.360000
-0.257983  0.860000  0.380000
-0.265304  0.860000  0.400000
-0.270869  0.860000  0.420000
-0.275058  0.860000  0.440000
-0.278155  0.860000  0.460000
-0.280370  0.860000  0.480000
-0.281853  0.860000  0.500000
-0.282705  0.860000  0.520000
-0.282982  0.860000  0.540000
-0.282705  0.860000  0.560000
-0.281853  0.860000  0.580000
-0.280370  0.860000  0.600000
-0.278155  0.860000  0.620000
-0.275058  0.860000  0.640000
-0.270869  0.860000  0.660000
-0.265304  0.860000  0.680000
-0.257983  0.860000  0.700000
-0.248414  0.860000  0.720000
-0.235968  0.860000  0.740000
-0.219863  0.860000  0.760000
-0.199163  0.860000  0.780000
-0.172805  0.860000  0.800000
-0.139674  0.860000  0.820000
-0.098757  0.860000  0.840000
-0.049387  0.860000  0.860000
0.008453  0.860000  0.880000
0.073813  0.860000  0.900000
0.144602  0.860000  0.920000
0.217681  0.860000  0.940000
0.289289  0.860000  0.960000
0.355684  0.860000  0.980000
0.413753  0.860000  1.000000
0.461363  0.860000  1.020000
0.497367  0.860000  1.040000
0.521356  0.860000  1.060000
0.533313  0.860000  1.080000

0.572138  0.880000  0.000000
0.561953  0.880000  0.020000
0.541389  0.880000  0.040000
0.510182  0.880000  0.060000
0.468244  0.880000  0.080000
0.415982  0.880000  0.100000
0.354607  0.880000  0.120000
0.286301  0.880000  0.140000
0.214120  0.880000  0.160000
0.141590  0.880000  0.180000
0.072120  0.880000  0.200000
0.008449  0.880000  0.220000
-0.047684  0.880000  0.240000
-0.095568  0.880000  0.260000
-0.135333  0.880000  0.280000
-0.167664  0.880000  0.300000
-0.193528  0.880000  0.320000
-0.213969  0.880000  0.340000
-0.229977  0.880000  0.360000
-0.242422  0.880000  0.380000
-0.252033  0.880000  0.400000
-0.259397  0.880000  0.420000
-0.264976  0.880000  0.440000
-0.269123  0.880000  0.460000
-0.272103  0.880000  0.480000
-0.274105  0.880000  0.500000
-0.275258  0.880000  0.520000
-0.275634  0.880000  0.540000
-0.275258  0.880000  0.560000
-0.274105  0.880000  0.580000
-0.272103  0.880000  0.600000
-0.269123  0.880000  0.620000
-0.264976  0.880000  0.640000
-0.259397  0.880000  0.660000
-0.252033  0.880000  0.680000
-0.242422  0.880000  0.700000
-0.229977  0.880000  0.720000
-0.213969  0.880000  0.740000
-0.193528  0.880000  0.760000
-0.167664  0.880000  0.780000
-0.135333  0.880000  0.800000
-0.095568  0.880000  0.820000
-0.047684  0.880000  0.840000
0.008449  0.880000  0.860000
0.072120  0.880000  0.880000
0.141590  0.880000  0.900000
0.214120  0.880000  0.920000
0.286301  0.880000  0.940000
0.354607  0.880000  0.960000
0.415982  0.880000  0.980000
0.468244  0.880000  1.000000
0.510182  0.880000  1.020000
0.541389  0.880000  1.040000
0.561953  0.880000  1.060000
0.572138  0.880000  1.080000

0.605545  0.900000  0.000000
0.597016  0.900000  0.020000
0.579707  0.900000  0.040000
0.553211  0.900000  0.060000
0.517132  0.900000  0.080000
0.471353  0.900000  0.100000
0.416323  0.900000  0.120000
0.353313  0.900000  0.140000
0.284508  0.900000  0.160000
0.212842  0.900000  0.180000
0.141585  0.900000  0.200000
0.073805  0.900000  0.220000
0.011899  0.900000  0.240000
-0.042651  0.900000  0.260000
-0.089284  0.900000  0.280000
-0.128170  0.900000  0.300000
-0.159961  0.900000  0.320000
-0.185556  0.900000  0.340000
-0.205915  0.900000  0.360000
-0.221951  0.900000  0.380000
-0.234471  0.900000  0.400000
-0.244150  0.900000  0.420000
-0.251538  0.900000  0.440000
-0.257063  0.900000  0.460000
-0.261052  0.900000  0.480000
-0.263742  0.900000  0.500000
-0.265294  0.900000  0.520000
-0.265802  0.900000  0.540000
-0.265294  0.900000  0.560000
-0.263742  0.900000  0.580000
-0.261052  0.900000  0.600000
-0.257063  0.900000  0.620000
-0.251538  0.900000  0.640000
-0.244150  0.900000  0.660000
-0.234471  0.900000  0.680000
-0.221951  0.900000  0.700000
-0.205915  0.900000  0.720000
-0.185556  0.900000  0.740000
-0.159961  0.900000  0.760000
-0.128170  0.900000  0.780000
-0.089284  0.900000  0.800000
-0.042651  0.900000  0.820000
0.011899  0.900000  0.840000
0.073805  0.900000  0.860000
0.141585  0.900000  0.880000
0.212842  0.900000  0.900000
0.284508  0.900000  0.920000
0.353313  0.900000  0.940000
0.416323  0.900000  0.960000
0.471353  0.900000  0.980000
0.517132  0.900000  1.000000
0.553211  0.900000  1.020000
0.579707  0.900000  1.040000
0.597016  0.900000  1.060000
0.605545  0.900000  1.080000

0.633848  0.920000  0.000000
0.626787  0.920000  0.020000
0.612409  0.920000  0.040000
0.590257  0.920000  0.060000
0.559792  0.920000  0.080000
0.520580  0.920000  0.100000
0.472532  0.920000  0.120000
0.416161  0.920000  0.140000
0.352774  0.920000  0.160000
0.284504  0.920000  0.180000
0.214110  0.920000  0.200000
0.144589  0.920000  0.220000
0.078692  0.920000  0.240000
0.018542  0.920000  0.260000
-0.034566  0.920000  0.280000
-0.080146  0.920000  0.300000
-0.118358  0.920000  0.320000
-0.149791  0.920000  0.340000
-0.175254  0.920000  0.360000
-0.195618  0.920000  0.380000
-0.211719  0.920000  0.400000
-0.224296  0.920000  0.420000
-0.233976  0.920000  0.440000
-0.241264  0.920000  0.460000
-0.246553  0.920000  0.480000
-0.250133  0.920000  0.500000
-0.252204  0.920000  0.520000
-0.252881  0.920000  0.540000
-0.252204  0.920000  0.560000
-0.250133  0.920000  0.580000
-0.246553  0.920000  0.600000
-0.241264  0.920000  0.620000
-0.233976  0.920000  0.640000
-0.224296  0.920000  0.660000
-0.211719  0.920000  0.680000
-0.195618  0.920000  0.700000
-0.175254  0.920000  0.720000
-0.149791  0.920000  0.740000
-0.118358  0.920000  0.760000
-0.080146  0.920000  0.780000
-0.034566  0.920000  0.800000
0.018542  0.920000  0.820000
0.078692  0.920000  0.840000
0.144589  0.920000  0.860000
0.214110  0.920000  0.880000
0.284504  0.920000  0.900000
0.352774  0.920000  0.920000
0.416161  0.920000  0.940000
0.472532  0.920000  0.960000
0.520580  0.920000  0.980000
0.559792  0.920000  1.000000
0.590257  0.920000  1.020000
0.612409  0.920000  1.040000
0.626787  0.920000  1.060000
0.633848  0.920000  1.080000

0.657494  0.940000  0.000000
0.651683  0.940000  0.020000
0.639826  0.940000  0.040000
0.621482  0.940000  0.060000
0.596081  0.940000  0.080000
0.563046  0.940000  0.100000
0.521966  0.940000  0.120000
0.472813  0.940000  0.140000
0.416157  0.940000  0.160000
0.353304  0.940000  0.180000
0.286287  0.940000  0.200000
0.217663  0.940000  0.220000
0.150150  0.940000  0.240000
0.086225  0.940000  0.260000
0.027790  0.940000  0.280000
-0.023982  0.940000  0.300000
-0.068632  0.940000  0.320000
-0.106275  0.940000  0.340000
-0.137414  0.940000  0.360000
-0.162760  0.940000  0.380000
-0.183092  0.940000  0.400000
-0.199164  0.940000  0.420000
-0.211651  0.940000  0.440000
-0.221122  0.940000  0.460000
-0.228034  0.940000  0.480000
-0.232732  0.940000  0.500000
-0.235457  0.940000  0.520000
-0.236350  0.940000  0.540000
-0.235457  0.940000  0.560000
-0.232732  0.940000  0.580000
-0.228034  0.940000  0.600000
-0.221122  0.940000  0.620000
-0.211651  0.940000  0.640000
-0.199164  0.940000  0.660000
-0.183092  0.940000  0.680000
-0.162760  0.940000  0.700000
-0.137414  0.940000  0.720000
-0.106275  0.940000  0.740000
-0.068632  0.940000  0.760000
-0.023982  0.940000  0.780000
0.027790  0.940000  0.800000
0.086225  0.940000  0.820000
0.150150  0.940000  0.840000
0.217663  0.940000  0.860000
0.286287  0.940000  0.880000
0.353304  0.940000  0.900000
0.416157  0.940000  0.920000
0.472813  0.940000  0.940000
0.521966  0.940000  0.960000
0.563046  0.940000  0.980000
0.596081  0.940000  1.000000
0.621482  0.940000  1.020000
0.639826  0.940000  1.040000
0.651683  0.940000  1.060000
0.657494  0.940000  1.080000

0.676977  0.960000  0.000000
0.672193  0.960000  0.020000
0.662423  0.960000  0.040000
0.647276  0.960000  0.060000
0.626220  0.960000  0.080000
0.598654  0.960000  0.100000
0.564018  0.960000  0.120000
0.521962  0.960000  0.140000
0.472525  0.960000  0.160000
0.416310  0.960000  0.180000
0.354589  0.960000  0.200000
0.289266  0.960000  0.220000
0.222683  0.960000  0.240000
0.157306  0.960000  0.260000
0.095374  0.960000  0.280000
0.038624  0.960000  0.300000
-0.011849  0.960000  0.320000
-0.055576  0.960000  0.340000
-0.092611  0.960000  0.360000
-0.123361  0.960000  0.380000
-0.148437  0.960000  0.400000
-0.168526  0.960000  0.420000
-0.184300  0.960000  0.440000
-0.196364  0.960000  0.460000
-0.205222  0.960000  0.480000
-0.211270  0.960000  0.500000
-0.214787  0.960000  0.520000
-0.215941  0.960000  0.540000
-0.214787  0.960000  0.560000
-0.211270  0.960000  0.580000
-0.205222  0.960000  0.600000
-0.196364  0.960000  0.620000
-0.184300  0.960000  0.640000
-0.168526  0.960000  0.660000
-0.148437  0.960000  0.680000
-0.123361  0.960000  0.700000
-0.092611  0.960000  0.720000
-0.055576  0.960000  0.740000
-0.011849  0.960000  0.760000
0.038624  0.960000  0.780000
0.095374  0.960000  0.800000
0.157306  0.960000  0.820000
0.222683  0.960000  0.840000
0.289266  0.960000  0.860000
0.354589  0.960000  0.880000
0.416310  0.960000  0.900000
0.472525  0.960000  0.920000
0.521962  0.960000  0.940000
0.564018  0.960000  0.960000
0.598654  0.960000  0.980000
0.626220  0.960000  1.000000
0.647276  0.960000  1.020000
0.662423  0.960000  1.040000
0.672193  0.960000  1.060000
0.676977  0.960000  1.080000

0.692775  0.980000  0.000000
0.688807  0.980000  0.020000
0.680704  0.980000  0.040000
0.668142  0.980000  0.060000
0.650656  0.980000  0.080000
0.627688  0.980000  0.100000
0.598651  0.980000  0.120000
0.563040  0.980000  0.140000
0.520570  0.980000  0.160000
0.471337  0.980000  0.180000
0.415961  0.980000  0.200000
0.355657  0.980000  0.220000
0.292192  0.980000  0.240000
0.227715  0.980000  0.260000
0.164473  0.980000  0.280000
0.104520  0.980000  0.300000
0.049470  0.980000  0.320000
0.000374  0.980000  0.340000
-0.042278  0.980000  0.360000
-0.078471  0.980000  0.380000
-0.108526  0.980000  0.400000
-0.132960  0.980000  0.420000
-0.152372  0.980000  0.440000
-0.167351  0.980000  0.460000
-0.178425  0.980000  0.480000
-0.186021  0.980000  0.500000
-0.190452  0.980000  0.520000
-0.191908  0.980000  0.540000
-0.190452  0.980000  0.560000
-0.186021  0.980000  0.580000
-0.178425  0.980000  0.600000
-0.167351  0.980000  0.620000
-0.152372  0.980000  0.640000
-0.132960  0.980000  0.660000
-0.108526  0.980000  0.680000
-0.078471  0.980000  0.700000
-0.042278  0.980000  0.720000
0.000374  0.980000  0.740000
0.049470  0.980000  0.760000
0.104520  0.980000  0.780000
0.164473  0.980000  0.800000
0.227715  0.980000  0.820000
0.292192  0.980000  0.840000
0.355657  0.980000  0.860000
0.415961  0.980000  0.880000
0.471337  0.980000  0.900000
0.520570  0.980000  0.920000
0.563040  0.980000  0.940000
0.598651  0.980000  0.960000
0.627688  0.980000  0.980000
0.650656  0.980000  1.000000
0.668142  0.980000  1.020000
0.680704  0.980000  1.040000
0.688807  0.980000  1.060000
0.692775  0.980000  1.080000

0.705308  1.000000  0.000000
0.701969  1.000000  0.020000
0.695156  1.000000  0.040000
0.684606  1.000000  0.060000
0.669934  1.000000  0.080000
0.650654  1.000000  0.100000
0.626216  1.000000  0.120000
0.596074  1.000000  0.140000
0.559780  1.000000  0.160000
0.517115  1.000000  0.180000
0.468220  1.000000  0.200000
0.413722  1.000000  0.220000
0.354785  1.000000  0.240000
0.293067  1.000000  0.260000
0.230563  1.000000  0.280000
0.169362  1.000000  0.300000
0.111380  1.000000  0.320000
0.058142  1.000000  0.340000
0.010670  1.000000  0.360000
-0.030534  1.000000  0.380000
-0.065405  1.000000  0.400000
-0.094199  1.000000  0.420000
-0.117358  1.000000  0.440000
-0.135400  1.000000  0.460000
-0.148831  1.000000  0.480000
-0.158090  1.000000  0.500000
-0.163509  1.000000  0.520000
-0.165292  1.000000  0.540000
-0.163509  1.000000  0.560000
-0.158090  1.000000  0.580000
-0.148831  1.000000  0.600000
-0.135400  1.000000  0.620000
-0.117358  1.000000  0.640000
-0.094199  1.000000  0.660000
-0.065405  1.000000  0.680000
-0.030534  1.000000  0.700000
0.010670  1.000000  0.720000
0.058142  1.000000  0.740000
0.111380  1.000000  0.760000
0.169362  1.000000  0.780000
0.230563  1.000000  0.800000
0.293067  1.000000  0.820000
0.354785  1.000000  0.840000
0.413722  1.000000  0.860000
0.468220  1.000000  0.880000
0.517115  1.000000  0.900000
0.559780  1.000000  0.920000
0.596074  1.000000  0.940000
0.626216  1.000000  0.960000
0.650654  1.000000  0.980000
0.669934  1.000000  1.000000
0.684606  1.000000  1.020000
0.695156  1.000000  1.040000
0.701969  1.000000  1.060000
0.705308  1.000000  1.080000

0.714930  1.020000  0.000000
0.712055  1.020000  0.020000
0.706201  1.020000  0.040000
0.697156  1.020000  0.060000
0.684605  1.020000  0.080000
0.668139  1.020000  0.100000
0.647270  1.020000  0.120000
0.621473  1.020000  0.140000
0.590244  1.020000  0.160000
0.553192  1.020000  0.180000
0.510156  1.020000  0.200000
0.461330  1.020000  0.220000
0.407362  1.020000  0.240000
0.349407  1.020000  0.260000
0.289073  1.020000  0.280000
0.228274  1.020000  0.300000
0.169003  1.020000  0.320000
0.113081  1.020000  0.340000
0.061960  1.020000  0.360000
0.016607  1.020000  0.380000
-0.022496  1.020000  0.400000
-0.055281  1.020000  0.420000
-0.081974  1.020000  0.440000
-0.102964  1.020000  0.460000
-0.118701  1.020000  0.480000
-0.129602  1.020000  0.500000
-0.136001  1.020000  0.520000
-0.138110  1.020000  0.540000
-0.136001  1.020000  0.560000
-0.129602  1.020000  0.580000
-0.118701  1.020000  0.600000
-0.102964  1.020000  0.620000
-0.081974  1.020000  0.640000
-0.055281  1.020000  0.660000
-0.022496  1.020000  0.680000
0.016607  1.020000  0.700000
0.061960  1.020000  0.720000
0.113081  1.020000  0.740000
0.169003  1.020000  0.760000
0.228274  1.020000  0.780000
0.289073  1.020000  0.800000
0.349407  1.020000  0.820000
0.407362  1.020000  0.840000
0.461330  1.020000  0.860000
0.510156  1.020000  0.880000
0.553192  1.020000  0.900000
0.590244  1.020000  0.920000
0.621473  1.020000  0.940000
0.647270  1.020000  0.960000
0.668139  1.020000  0.980000
0.684605  1.020000  1.000000
0.697156  1.020000  1.020000
0.706201  1.020000  1.040000
0.712055  1.020000  1.060000
0.714930  1.020000  1.080000

0.721915  1.040000  0.000000
0.719366  1.040000  0.020000
0.714185  1.040000  0.040000
0.706200  1.040000  0.060000
0.695154  1.040000  0.080000
0.680701  1.040000  0.100000
0.662416  1.040000  0.120000
0.639817  1.040000  0.140000
0.612396  1.040000  0.160000
0.579688  1.040000  0.180000
0.541363  1.040000  0.200000
0.497332  1.040000  0.220000
0.447875  1.040000  0.240000
0.393726  1.040000  0.260000
0.336108  1.040000  0.280000
0.276674  1.040000  0.300000
0.217339  1.040000  0.320000
0.160050  1.040000  0.340000
0.106542  1.040000  0.360000
0.058154  1.040000  0.380000
0.015742  1.040000  0.400000
-0.020305  1.040000  0.420000
-0.049974  1.040000  0.440000
-0.073504  1.040000  0.460000
-0.091255  1.040000  0.480000
-0.103605  1.040000  0.500000
-0.110875  1.040000  0.520000
-0.113274  1.040000  0.540000
-0.110875  1.040000  0.560000
-0.103605  1.040000  0.580000
-0.091255  1.040000  0.600000
-0.073504  1.040000  0.620000
-0.049974  1.040000  0.640000
-0.020305  1.040000  0.660000
0.015742  1.040000  0.680000
0.058154  1.040000  0.700000
0.106542  1.040000  0.720000
0.160050  1.040000  0.740000
0.217339  1.040000  0.760000
0.276674  1.040000  0.780000
0.336108  1.040000  0.800000
0.393726  1.040000  0.820000
0.447875  1.040000  0.840000
0.497332  1.040000  0.860000
0.541363  1.040000  0.880000
0.579688  1.040000  0.900000
0.612396  1.040000  0.920000
0.639817  1.040000  0.940000
0.662416  1.040000  0.960000
0.680701  1.040000  0.980000
0.695154  1.040000  1.000000
0.706200  1.040000  1.020000
0.714185  1.040000  1.040000
0.719366  1.040000  1.060000
0.721915  1.040000  1.080000

0.726463  1.060000  0.000000
0.724121  1.060000  0.020000
0.719366  1.060000  0.040000
0.712054  1.060000  0.060000
0.701966  1.060000  0.080000
0.688803  1.060000  0.100000
0.672187  1.060000  0.120000
0.651674  1.060000  0.140000
0.626773  1.060000  0.160000
0.596996  1.060000  0.180000
0.561927  1.060000  0.200000
0.521321  1.060000  0.220000
0.475226  1.060000  0.240000
0.424092  1.060000  0.260000
0.368855  1.060000  0.280000
0.310926  1.060000  0.300000
0.252096  1.060000  0.320000
0.194328  1.060000  0.340000
0.139511  1.060000  0.360000
0.089224  1.060000  0.380000
0.044600  1.060000  0.400000
0.006278  1.060000  0.420000
-0.025527  1.060000  0.440000
-0.050912  1.060000  0.460000
-0.070155  1.060000  0.480000
-0.083588  1.060000  0.500000
-0.091512  1.060000  0.520000
-0.094130  1.060000  0.540000
-0.091512  1.060000  0.560000
-0.083588  1.060000  0.580000
-0.070155  1.060000  0.600000
-0.050912  1.060000  0.620000
-0.025527  1.060000  0.640000
0.006278  1.060000  0.660000
0.044600  1.060000  0.680000
0.089224  1.060000  0.700000
0.139511  1.060000  0.720000
0.194328  1.060000  0.740000
0.252096  1.060000  0.760000
0.310926  1.060000  0.780000
0.368855  1.060000  0.800000
0.424092  1.060000  0.820000
0.475226  1.060000  0.840000
0.521321  1.060000  0.860000
0.561927  1.060000  0.880000
0.596996  1.060000  0.900000
0.626773  1.060000  0.920000
0.651674  1.060000  0.940000
0.672187  1.060000  0.960000
0.688803  1.060000  0.980000
0.701966  1.060000  1.000000
0.712054  1.060000  1.020000
0.719366  1.060000  1.040000
0.724121  1.060000  1.060000
0.726463  1.060000  1.080000

0.728705  1.080000  0.000000
0.726463  1.080000  0.020000
0.721914  1.080000  0.040000
0.714929  1.080000  0.060000
0.705306  1.080000  0.080000
0.692770  1.080000  0.100000
0.676971  1.080000  0.120000
0.657484  1.080000  0.140000
0.633834  1.080000  0.160000
0.605526  1.080000  0.180000
0.572112  1.080000  0.200000
0.533278  1.080000  0.220000
0.488965  1.080000  0.240000
0.439482  1.080000  0.260000
0.385612  1.080000  0.280000
0.328631  1.080000  0.300000
0.270242  1.080000  0.320000
0.212395  1.080000  0.340000
0.157035  1.080000  0.360000
0.105861  1.080000  0.380000
0.060144  1.080000  0.400000
0.020665  1.080000  0.420000
-0.012249  1.080000  0.440000
-0.038612  1.080000  0.460000
-0.058647  1.080000  0.480000
-0.072659  1.080000  0.500000
-0.080934  1.080000  0.520000
-0.083669  1.080000  0.540000
-0.080934  1.080000  0.560000
-0.072659  1.080000  0.580000
-0.058647  1.080000  0.600000
-0.038612  1.080000  0.620000
-0.012249  1.080000  0.640000
0.020665  1.080000  0.660000
0.060144  1.080000  0.680000
0.105861  1.080000  0.700000
0.157035  1.080000  0.720000
0.212395  1.080000  0.740000
0.270242  1.080000  0.760000
0.328631  1.080000  0.780000
0.385612  1.080000  0.800000
0.439482  1.080000  0.820000
0.488965  1.080000  0.840000
0.533278  1.080000  0.860000
0.572112  1.080000  0.880000
0.605526  1.080000  0.900000
0.633834  1.080000  0.920000
0.657484  1.080000  0.940000
0.676971  1.080000  0.960000
0.692770  1.080000  0.980000
0.705306  1.080000  1.000000
0.714929  1.080000  1.020000
0.721914  1.080000  1.040000
0.726463  1.080000  1.060000
0.728705  1.080000  1.080000

